"21132","15577","20252","12783","20967","24828","16578","16710","20241","10143","10495","14576","21737","25917","19262","30013","16787","20615","29107","21198","28986","21033","18596","28133","18294","21647","27798","26357","27743","22056","14702","21852","13157","25350","62306","12337","24564","21693","16919","12948","23827","27908","15181","15313","30058","22804","24472","13883","50266","26654","50273","24597","11760","12761","14158","26159","12640","26071","20626","11804","15676","26060","24608","62410","25543","26075","25071","50249","20087","28568","16666","14125","25730","17610","23695","13718","28337","15907","15148","18976","28898","18393","27666","27286","28136","28326","30038","22215","12816","28210","24245","27083","27340","13168","13036","11133","24091","27600","12860","10176","24014","12046","50279","26995","27028","14840","30095","30178","10506","24696","19691","19548","20571","12849","14328","21231","28271","26973","27765","16655","14994","17599","27677","13476","17227","10055","62466","19328",""
"0","0.3979013","0.4493363","0.2127778","0.5247453","0.2461086","0.008555936","0.4107729","0.5248543","0.4842019","0.7566165","0.469546","0.5400325","0.3379144","0.0836777","0","0","0.5698067","0.4910138","0.3483682","0.555474","0.6498166","0.8727542","0.7885721","0.87431","0.5522887","0.3750372","0.8514414","0.8220018","0.7874722","0.6900299","0.8165811","0.7521129","0.7003335","0.6513833","0.776684","0.9166784","0.872238","0.6864032","0.7234169","0.8433586","0.7787717","0.7479383","0.5943269","0.6539445","0.4327486","0.2358092","0.7968888","0.8049755","0.7846837","0.7456319","0.3397051","0.8234029","0.6937638","0.7199837","0.7039289","0.7174875","0.7816241","0.8017881","0.8017491","0.7340055","0.5398012","0.8535693","0.838064","0.8486511","0.8670923","0.876475","0.8713815","0.8476654","0.8327924","0.5948304","0.5281548","0.2374126","0.655448","0.6321194","0.5212598","0.3602763","0.8123926","0","0.06322595","0.6242309","0.3751388","0.4696966","0.6284602","0.491582","0.7100531","0.3163937","0","0.2110271","0.6766424","0.7624076","0.7887274","0.511094","0.1367126","0.195058","0.4839799","0.4179602","0.03872845","0.6025793","0.8738664","0.8720638","0.8043494","0.7833567","0.8962327","0.6039825","0.7424886","0.6137697","0.4290212","0.1000947","0.6374635","0.8619005","0.6996254","0.8053306","0.7845303","0.8354933","0.7982217","0.857828","0.8239146","0.80699","0.8238062","0.8665611","0.7909935","0.8687898","0.84253","0.6843904","0.1569605","0.8313657","0.8684543","21132"
"0.3979013","0","0","0.1406623","0","0.009562843","0.2593915","0","0","0.06096176","0.5682301","0.06617525","0.3614631","0.01105292","0.6729173","0.6084177","0.4018404","0.1131518","0.02939273","0","0","0.3084946","0.7672278","0.6219841","0.7679738","0.2252627","0.1018877","0.7464523","0.6795511","0.6041999","0.3712571","0.6296292","0.4910843","0.2816091","0.3820829","0.5294114","0.8793361","0.7569807","0.3237616","0.3606833","0.6944854","0.5335026","0.4865134","0.2706149","0.2961874","0.02283731","0","0.5731703","0.5863742","0.5637857","0.4285711","0","0.6436521","0.3784911","0.4716414","0.350198","0.4533026","0.5676365","0.6173465","0.5755625","0.4354001","0.06713091","0.7441012","0.7066844","0.7306627","0.7536466","0.7800468","0.7894733","0.6973266","0.6874996","0.2639169","0.5145627","0.1352057","0.3583605","0.1223406","0.008079332","0.4308237","0.6181168","0.4041808","0.4237946","0.3672016","0","0.07905066","0.193929","0","0.2582716","0","0.4354834","0","0.2556464","0.4784048","0.5315382","0.4829335","0.1998789","0.005641566","0.2187309","0","0","0.510995","0.7794115","0.7845688","0.6506949","0.6439624","0.8406372","0.3460631","0.4274805","0.2921178","0.02009026","0.3899339","0.2083366","0.7598917","0.3214625","0.6722121","0.5597813","0.6954639","0.5768303","0.7626374","0.6943671","0.6777653","0.7496114","0.7757458","0.6336203","0.7805088","0.7096313","0.2452827","0.1245791","0.7183095","0.7741429","15577"
"0.4493363","0","0","0.1712196","0.1918127","0.2963325","0.3479693","0","0.085543","0.3407814","0.6658821","0.1251888","0.4845499","0.06763306","0.7435669","0.8090688","0.7435895","0.2749113","0.1703215","0","0.08239692","0.4195255","0.9002654","0.7931372","0.9178553","0.3747018","0.2250794","0.8564573","0.8105327","0.8392385","0.5712677","0.8758862","0.7857013","0.7223056","0.5989974","0.8509557","0.9549283","0.8543006","0.4374737","0.6088673","0.9066921","0.7005223","0.7838143","0.4602011","0.4720207","0.09279658","0","0.8491375","0.7996285","0.7180785","0.8004513","0","0.8008821","0.5513578","0.7224303","0.5619654","0.6594313","0.7461518","0.8183191","0.7137412","0.5951979","0.2206391","0.9049878","0.9073061","0.9332961","0.8935748","0.9291077","0.9456742","0.8490359","0.894578","0.3902442","0.7060075","0.1991842","0.5272578","0.4212962","0.2493788","0.528893","0.8725634","0.6129608","0.5716173","0.5018267","0.05129651","0.2135618","0.3561057","0.3103456","0.5149377","0.2892156","0.734848","0","0.6069742","0.7303226","0.695906","0.7334387","0.3171298","0.1608389","0.3876142","0","0.2735045","0.7471204","0.9454295","0.9323964","0.769481","0.8706356","0.9590921","0.4536988","0.699436","0.4820275","0.1899168","0.3998896","0.311796","0.8377628","0.6907211","0.7482432","0.6851199","0.8773003","0.8243041","0.8455456","0.7594438","0.8359306","0.9225098","0.8672232","0.8460659","0.8886859","0.9161362","0.6471923","0.3976548","0.925936","0.874953","20252"
"0.2127778","0.1406623","0.1712196","0","0.3104617","0","0","0.1294605","0.3176208","0.3062681","0.6708195","0.1243134","0.464663","0.2409597","0.5513983","0.4998466","0.3470072","0.4078609","0.3287333","0.01771474","0.2945017","0.474159","0.8442333","0.7390204","0.8513465","0.4595838","0.137048","0.8165413","0.7789611","0.7407436","0.5751299","0.7684539","0.6457762","0.5771276","0.5407662","0.6961759","0.9108091","0.8332593","0.5261303","0.6203969","0.8175283","0.7065916","0.6257518","0.372459","0.4848645","0.1969341","0","0.7454268","0.7594281","0.7103011","0.6531393","0.1192394","0.7821164","0.537704","0.6464889","0.5654339","0.6199636","0.7025021","0.7736906","0.7241323","0.6034983","0.3174695","0.8346442","0.8138944","0.8445505","0.8409821","0.854519","0.8688473","0.8058178","0.791504","0.3207223","0.5099815","0","0.5234473","0.4239978","0.2927075","0.1359572","0.7703097","0.1947551","0.2392107","0.4869854","0.1713029","0.2159707","0.4494193","0.1403951","0.5423795","0","0.2189959","0","0.6051587","0.6861071","0.7204039","0.2802468","0","0","0.06214796","0.06702516","0.03843394","0.5600181","0.858816","0.8551907","0.7528587","0.7455996","0.8917224","0.4940769","0.6742432","0.4680733","0.2326976","0.1768586","0.44558","0.8213676","0.6383943","0.7468478","0.7091509","0.7893569","0.7377138","0.8261435","0.7647564","0.7800303","0.8262146","0.8399394","0.7601708","0.8513091","0.8129861","0.5924044","0","0.8100735","0.8381756","12783"
"0.5247453","0","0.1918127","0.3104617","0","0.3301461","0.4642103","0.009004633","0","0.074447","0.5753432","0.2308469","0.3447529","0.1110402","0.7821373","0.8507504","0.8406002","0.07374389","0","0.2332265","0.04255592","0.3858267","0.8868291","0.7132071","0.9134361","0.1829057","0.1218004","0.8168495","0.7447641","0.7870268","0.4146542","0.8752501","0.7587201","0.6437907","0.4518708","0.8615823","0.9494088","0.8357614","0.3535353","0.4824673","0.9082327","0.6257109","0.7746473","0.3799834","0.4344355","0.01339808","0.01319143","0.852047","0.77004","0.6332043","0.8212654","0","0.7468155","0.4707067","0.6037823","0.4127023","0.5394613","0.6737403","0.7511616","0.6638446","0.5112289","0.1078655","0.8834639","0.891459","0.9331999","0.8755583","0.934156","0.9436396","0.830273","0.9018401","0.3570728","0.6413456","0.233785","0.3970033","0.1913569","0.04441454","0.6104363","0.8518865","0.7026706","0.585136","0.3667933","0","0.08096144","0.2822357","0.5239323","0.5164143","0.5559526","0.8143846","0.3302321","0.4975124","0.6824768","0.6403152","0.8061905","0.5132842","0.4146335","0.5324729","0.1619046","0.2949152","0.6734289","0.9495957","0.9258023","0.697589","0.8363085","0.9600035","0.3100576","0.5946413","0.3126349","0","0.4293412","0.2119234","0.8036312","0.5563018","0.689553","0.6005736","0.8664909","0.7924197","0.8024089","0.7073455","0.7735444","0.9079371","0.8285608","0.7895123","0.8558603","0.9113807","0.4959951","0.4645247","0.9212968","0.8419772","20967"
"0.2461086","0.009562843","0.2963325","0","0.3301461","0","0","0.05714282","0.1782968","0.06917227","0.513848","0","0.1915151","0.2463953","0.6415461","0.6063162","0.5333333","0.1867537","0.09539015","0.06024078","0.2423712","0.281417","0.8280251","0.6295308","0.8573124","0.09732889","0","0.7394575","0.6931923","0.518005","0.3365703","0.6975472","0.5068487","0.4807688","0.1025641","0.6324105","0.9164533","0.8161598","0.3808039","0.4878043","0.7796972","0.5709603","0.5510713","0.02475052","0.2291348","0","0","0.6819479","0.7289662","0.5743667","0.6042548","0","0.7034545","0.3161497","0.3529408","0.3891473","0.3217621","0.5498003","0.6274505","0.6603656","0.4495992","0","0.7650598","0.7228632","0.8296143","0.8093721","0.8677387","0.8412966","0.7875395","0.7363415","0.08504786","0.3160329","0","0.1389646","0.2645117","0","0.08154529","0.6675895","0.3516491","0.1197096","0.2151571","0","0","0.2411463","0.04545514","0.5883476","0","0.2649002","0","0.4939753","0.54054","0.6794204","0.2473568","0.09326441","0","0","0.0005579511","0","0.2105261","0.8412095","0.823529","0.5938519","0.5476917","0.8677095","0.2599254","0.486486","0.1487838","0","0.09747885","0.2958246","0.7482816","0.5185179","0.5996456","0.589901","0.7111106","0.6388883","0.7502079","0.6671637","0.6954166","0.7810215","0.787025","0.5339801","0.8021685","0.7506108","0.3399995","0","0.7486482","0.7920568","24828"
"0.008555936","0.2593915","0.3479693","0","0.4642103","0","0","0.2243903","0.4053384","0.3909501","0.6837623","0.2379136","0.4457315","0.3056097","0.3680467","0.2641509","0.150944","0.4572533","0.3724602","0.1658537","0.4406586","0.4864972","0.8434235","0.742717","0.850378","0.4005744","0.1458165","0.8102521","0.7838411","0.6891188","0.5812511","0.7370515","0.6369633","0.5999997","0.4702795","0.6742554","0.9115567","0.8450105","0.5786509","0.6390973","0.788546","0.6976498","0.6423921","0.3744599","0.4640195","0.2317017","0","0.7142854","0.759174","0.7123945","0.6360075","0.16612","0.7744872","0.5515317","0.6024732","0.6124718","0.5842724","0.697406","0.7369755","0.7453268","0.6331874","0.307488","0.8092579","0.7787416","0.8181816","0.8332007","0.8475455","0.8411612","0.8118423","0.7564573","0.4076439","0.4796983","0","0.4681694","0.5384613","0.2823673","0.03635997","0.7377889","0.02288561","0.04370356","0.5038423","0.2184367","0.2845881","0.4699996","0.2307696","0.6470183","0","0","0","0.5935702","0.6608692","0.7435894","0.2041103","0","0","0.2280146","0.208602","0","0.4714637","0.8342539","0.8358367","0.7313972","0.692094","0.8658974","0.5067257","0.6455476","0.4708408","0.3021755","0.05008656","0.5259383","0.8175271","0.6274506","0.7298243","0.7183924","0.7641376","0.7194418","0.8214501","0.7706772","0.7740027","0.7969473","0.8408334","0.7021274","0.8434551","0.7828051","0.5593217","0","0.7772452","0.8409863","16578"
"0.4107729","0","0","0.1294605","0.009004633","0.05714282","0.2243903","0","0","0.1642769","0.5425849","0","0.3304107","0","0.742047","0.7664126","0.7142856","0.0228156","0","0","0","0.1233959","0.8225054","0.6719624","0.8540749","0.05220836","0","0.7624393","0.7077505","0.5941173","0.3187219","0.6963558","0.5499994","0.4545451","0.2258065","0.6627214","0.9335095","0.772203","0.2063399","0.3192608","0.778523","0.4574465","0.5968987","0.1479978","0.07070716","0","0","0.6287123","0.614624","0.531201","0.5403221","0","0.6320751","0.2780526","0.4242421","0.3408953","0.3566432","0.5477608","0.59322","0.5417825","0.3724693","0","0.793103","0.7765953","0.8647885","0.7969803","0.8709674","0.884381","0.7333328","0.7431502","0.2017967","0.6231713","0.08787211","0.1695581","0.1811626","0","0.4503519","0.6865667","0.6091608","0.472177","0.3319852","0","0.005998513","0","0","0.2203896","0","0.5923908","0","0.2142855","0.3999995","0.5035457","0.609022","0.3541203","0","0.3091022","0","0.04545455","0.5233642","0.8875876","0.8627448","0.6055216","0.6899437","0.9129768","0.294041","0.3513511","0.2284036","0.004927305","0.4165404","0.07966759","0.7460467","0.3749996","0.6169476","0.5107223","0.7272722","0.6103891","0.7632688","0.6683169","0.7322993","0.8541663","0.7981431","0.6099997","0.8101648","0.8075797","0.1783439","0.02366882","0.8446863","0.8052461","16710"
"0.5248543","0","0.085543","0.3176208","0","0.1782968","0.4053384","0","0","0.1385275","0.5116805","0.1136973","0.3921915","0.1384218","0.7303489","0.6591253","0.4874689","0.01322593","0","0.08860753","0","0.1827241","0.6525456","0.5414175","0.6343484","0.1708382","0.177841","0.6784835","0.5986481","0.4879706","0.2607286","0.431661","0.3248636","0.04272814","0.3339005","0.3036092","0.8310281","0.6430099","0.1658306","0.1359242","0.5117978","0.3591437","0.3276739","0.2350279","0.1477401","0","0.0285419","0.3296676","0.3621698","0.4331414","0.1375986","0","0.4891494","0.2596239","0.375094","0.2153582","0.3538725","0.4450081","0.4781616","0.399072","0.2902491","0","0.6437185","0.5850418","0.5901197","0.6332205","0.651338","0.6945045","0.5381792","0.5286837","0.2584263","0.5675828","0.2855499","0.2840387","0.05196272","0","0.5189077","0.4314046","0.5250843","0.5372468","0.3502542","0","0.1095344","0.02063862","0","0.03315873","0.06745417","0.5286837","0.1248617","0","0.2430582","0.3093791","0.5065417","0.382191","0.1695569","0.3213313","0.07155025","0.09711266","0.5282427","0.6631478","0.6918582","0.5788426","0.5660904","0.7724852","0.3161411","0.1974352","0.2489711","0.09000828","0.5368235","0.0613499","0.6965849","0.08105072","0.6254114","0.4248808","0.56733","0.380946","0.709478","0.6402319","0.6067598","0.6886353","0.7148062","0.5414412","0.7096876","0.5748898","0","0.2709235","0.6187521","0.7036423","20241"
"0.4842019","0.06096176","0.3407814","0.3062681","0.074447","0.06917227","0.3909501","0.1642769","0.1385275","0","0.473798","0.2954585","0.1412646","0.2301996","0.729498","0.6931742","0.576362","0.05560971","0","0.2828912","0.2294533","0.4113595","0.7986768","0.519047","0.8146824","0.06494762","0","0.7162289","0.6132794","0.5491028","0.2599254","0.7154578","0.550031","0.3262848","0.2120442","0.6470583","0.8820858","0.7958391","0.378316","0.3982136","0.7678463","0.561969","0.5779726","0.2621451","0.4174249","0.04241191","0.08302371","0.6954607","0.6794867","0.5360497","0.6129027","0.05809095","0.6625654","0.4015384","0.3329021","0.2892619","0.3590842","0.544771","0.5900126","0.6326315","0.4559892","0.122562","0.7377507","0.7034998","0.7561295","0.781727","0.8417043","0.7966097","0.7575753","0.7746474","0.3155958","0.3431502","0.1769457","0.270433","0.09578636","0","0.5399089","0.6496345","0.5337417","0.422041","0.197269","0","0","0.3188198","0.2882011","0.5252641","0.2994742","0.5763742","0.2651084","0.3954812","0.5728974","0.6186179","0.6324058","0.424012","0.2825454","0.4476615","0.2641312","0.002309513","0.3322599","0.8119567","0.7948714","0.5907704","0.5721919","0.8518515","0.1777073","0.451669","0.1210726","0","0.374813","0.2687196","0.7499875","0.3398397","0.6236299","0.5447045","0.7426491","0.629666","0.7241902","0.6558788","0.5894479","0.7012443","0.7418889","0.5544943","0.7569862","0.7331549","0.2643673","0.2216215","0.6999995","0.7533246","10143"
"0.7566165","0.5682301","0.6658821","0.6708195","0.5753432","0.513848","0.6837623","0.5425849","0.5116805","0.473798","0","0.5714614","0.2859358","0.6657384","0.8435578","0.7896676","0.7409436","0.3242175","0.3745279","0.6276507","0.5712681","0.4233625","0.3299442","0.005359306","0.4117653","0.1314271","0.3207489","0.00135756","0","0","0.04657847","0.3077689","0.1426623","0.1818281","0","0.2509545","0.3561526","0.5203924","0.3566094","0.2967061","0.4111777","0.2973306","0.2772322","0.2582887","0.3994607","0.2673691","0.5039738","0.4286014","0.5000635","0.07511173","0.3923371","0.4849397","0.342291","0.2344181","0","0.1826382","0","0.007830946","0.2088502","0.4203399","0.2422972","0.2581822","0.05239621","0","0.3547434","0.3314319","0.5353005","0.2509545","0.4692651","0.4592165","0.4501471","0.5657833","0.5788617","0","0.41245","0.1564342","0.6994571","0","0.7456867","0.6962745","0.0871342","0.4554157","0.3287313","0.3985343","0.4728192","0.5760517","0.5415293","0.7355317","0.6251049","0.4672265","0.3544106","0.5132434","0.6494619","0.7132886","0.5980913","0.6462821","0.6017475","0.5873532","0.3439887","0.1505712","0.03346676","0","0","0.2112769","0.06235007","0.2404763","0.07652029","0.4307353","0.737978","0.3901039","0.2557015","0.3480405","0.0948022","0.2028141","0.2648844","0.1749239","0.117123","0.1301964","0.1421978","0.286569","0.1171096","0","0.2122065","0","0.1787768","0.5394092","0","0.0524736","10495"
"0.469546","0.06617525","0.1251888","0.1243134","0.2308469","0","0.2379136","0","0.1136973","0.2954585","0.5714614","0","0.4482016","0.2979638","0.7266647","0.6834834","0.5652444","0.2429463","0.1981349","0.005524851","0.04856948","0.1609413","0.7587064","0.6688465","0.7682408","0.3341394","0.08291951","0.748381","0.7101393","0.6190978","0.4141222","0.5886481","0.3951785","0.3230627","0.3904078","0.4373331","0.8884547","0.7361206","0.2700906","0.4114374","0.6944382","0.5324375","0.3510812","0.1189083","0.1315787","0","0","0.5432159","0.6137971","0.5668275","0.3428534","0","0.6683142","0.2713579","0.5176802","0.3739395","0.4518269","0.5461909","0.6757011","0.5498804","0.3718317","0","0.7636485","0.7238915","0.7829284","0.7551144","0.7629433","0.8208418","0.6832616","0.6258604","0.07077675","0.5983177","0.08807937","0.3183999","0.2221026","0.01238966","0.2775411","0.6268526","0.5216447","0.4865471","0.3882126","0.0927931","0.08635241","0.1266913","0","0.2021416","0","0.5069093","0.0176321","0.4182053","0.4571584","0.5587142","0.2367903","0.2952254","0","0","0","0.2421049","0.5565933","0.7829284","0.7902151","0.6556453","0.6600657","0.8485706","0.4080625","0.4904805","0.329845","0.1976361","0.437257","0.1906888","0.7411122","0.4895517","0.6525178","0.5674391","0.6452277","0.5587091","0.7699481","0.6791752","0.7320508","0.7988039","0.7911025","0.6698117","0.8036531","0.7068048","0.3658179","0","0.7383165","0.7798935","14576"
"0.5400325","0.3614631","0.4845499","0.464663","0.3447529","0.1915151","0.4457315","0.3304107","0.3921915","0.1412646","0.2859358","0.4482016","0","0.4383557","0.6846709","0.5419761","0.4487252","0.2275779","0.2029154","0.4188475","0.4312421","0.4807576","0.6039899","0.1399034","0.6153739","0.01417135","0.09368741","0.4387351","0.2999045","0.1110264","0.164791","0.5008604","0.3495677","0.2180158","0","0.4264427","0.6088789","0.6955211","0.4648981","0.3635267","0.5527111","0.4766246","0.406003","0.2628987","0.4419592","0.2385294","0.3164267","0.5184708","0.5576225","0.3914752","0.4499413","0.3366663","0.5139025","0.3801445","0","0.2709645","0.1534732","0.3588362","0.3198412","0.5769042","0.4275519","0.2628181","0.3891283","0.2955952","0.4066635","0.5814959","0.6687266","0.4008468","0.6231149","0.5893099","0.4075986","0.06270304","0.3416577","0.1731144","0.2812877","0.0934724","0.5390814","0.3475538","0.4855857","0.3733736","0.05805554","0.1367605","0.1715985","0.4101521","0.3111652","0.5412184","0.313158","0.4289217","0.3767093","0.3662689","0.4618016","0.5755533","0.5034662","0.487302","0.3534244","0.4924855","0.4359032","0.1621481","0","0.5047497","0.4597343","0.3528042","0","0.5140884","0.03644365","0.3271411","0.04316942","0.1371011","0.5106309","0.4354929","0.6065443","0.2460062","0.4700146","0.4613212","0.532673","0.4229826","0.4823011","0.5309785","0.1420141","0.05979127","0.4654395","0.03394215","0.4583232","0.3827532","0.1706378","0.2239845","0.1471006","0.4915199","21737"
"0.3379144","0.01105292","0.06763306","0.2409597","0.1110402","0.2463953","0.3056097","0","0.1384218","0.2301996","0.6657384","0.2979638","0.4383557","0","0.6308482","0.5877004","0.2903752","0.2634865","0.1401371","0.08036437","0.211886","0.4833607","0.8462698","0.7271104","0.8487098","0.3122162","0.268139","0.8194999","0.7646306","0.7396524","0.5349583","0.7704443","0.6944598","0.5589596","0.5460763","0.7247702","0.9175001","0.8285269","0.4926955","0.5429398","0.8015361","0.6583958","0.698459","0.4919904","0.497772","0.1812866","0.07198994","0.7250854","0.7027688","0.6856119","0.6511623","0","0.7377788","0.5692756","0.6269031","0.5462958","0.611163","0.7047713","0.7143457","0.6960602","0.6062267","0.2861103","0.8267786","0.8109962","0.8126612","0.8330479","0.8590926","0.8571425","0.7937127","0.8053524","0.4866005","0.5978334","0.2642019","0.5207061","0.4085246","0.2648191","0.5468551","0.7584183","0.372846","0.445716","0.5046665","0","0.2762836","0.3985607","0.2892158","0.5191333","0.282407","0.4326235","0.03664898","0.4016643","0.6428566","0.6477242","0.6529606","0.2343301","0.2025856","0.4666403","0.182646","0","0.6324691","0.8624285","0.8615381","0.7375498","0.7680408","0.8969069","0.4436849","0.5848703","0.4621262","0.1597957","0.3862963","0.3890266","0.8231737","0.4813078","0.7445384","0.6673884","0.8083559","0.7291357","0.8200769","0.7620554","0.7594019","0.8207168","0.8333711","0.7456572","0.8383236","0.8210158","0.4692732","0.3375392","0.823529","0.8398879","25917"
"0.0836777","0.6729173","0.7435669","0.5513983","0.7821373","0.6415461","0.3680467","0.742047","0.7303489","0.729498","0.8435578","0.7266647","0.6846709","0.6308482","0","0","0.2005457","0.7451997","0.6913264","0.6977434","0.7835088","0.8073323","0.9387363","0.8865106","0.9420711","0.7246532","0.6185443","0.9196492","0.9004066","0.9038669","0.8316374","0.9229173","0.8921884","0.8726471","0.8189867","0.908797","0.9572278","0.9308929","0.8131179","0.8628832","0.9335009","0.885642","0.890127","0.7911716","0.8293435","0.6395152","0.557742","0.9148016","0.9079537","0.8836997","0.8966059","0.5906845","0.9099604","0.8394508","0.863369","0.8413165","0.8558733","0.8889274","0.9042434","0.8927115","0.8555811","0.7573558","0.9320459","0.9288936","0.9338262","0.9363879","0.9450411","0.9428505","0.9253737","0.9296213","0.7737651","0.7126857","0.5318567","0.8138489","0.8181022","0.7600224","0.6351568","0.9195011","0.2827271","0.2868807","0.7637345","0.6995372","0.6840598","0.8077049","0.7989417","0.8636711","0.7184739","0","0.6310137","0.8524535","0.8920244","0.8883861","0.7755487","0.5462986","0.6248553","0.756654","0.7127508","0.5143066","0.7898775","0.9462632","0.9422837","0.8903323","0.9017184","0.9541601","0.7268545","0.8793598","0.7819415","0.6648128","0.2561466","0.7747575","0.920108","0.8628081","0.8792736","0.8758623","0.926659","0.910389","0.9161853","0.8849094","0.8965912","0.9150607","0.9236075","0.9023359","0.9301914","0.9326929","0.8612067","0.5891067","0.9265757","0.9279203","19262"
"0","0.6084177","0.8090688","0.4998466","0.8507504","0.6063162","0.2641509","0.7664126","0.6591253","0.6931742","0.7896676","0.6834834","0.5419761","0.5877004","0","0","0.3083578","0.6483001","0.5632227","0.7473678","0.7931465","0.7246696","0.9450432","0.8661372","0.957865","0.5100307","0.435199","0.9017655","0.8796233","0.879376","0.7598883","0.93634","0.898767","0.9056949","0.68054","0.9372134","0.9681805","0.9286721","0.7608122","0.8346512","0.949628","0.8426404","0.9125511","0.6944441","0.7429538","0.4748247","0.359177","0.9296721","0.9100154","0.844731","0.92875","0.4277904","0.8887443","0.7792956","0.8004834","0.8067223","0.7739268","0.856269","0.8716967","0.8744052","0.8157856","0.5941966","0.9311398","0.9352265","0.9586989","0.9379048","0.9642149","0.9599695","0.9283073","0.9425636","0.7288889","0.6617683","0.4152962","0.6685634","0.8224692","0.6005531","0.6094351","0.927048","0.2833312","0.1398383","0.6696393","0.6241106","0.5697301","0.7282173","0.8718972","0.8972324","0.7775418","0","0.6816473","0.840698","0.8688793","0.8756313","0.823651","0.5906897","0.6202526","0.8034779","0.6978231","0.4941629","0.707108","0.9671726","0.9540201","0.835411","0.8912864","0.968357","0.6173551","0.8402127","0.6742587","0.5541398","0.1609878","0.7212837","0.8958816","0.8581557","0.8187568","0.8329256","0.9273898","0.9101794","0.8905236","0.8480702","0.8799954","0.9294371","0.9096281","0.8673967","0.9196013","0.9483901","0.8327174","0.4708126","0.9482008","0.9200274","30013"
"0","0.4018404","0.7435895","0.3470072","0.8406002","0.5333333","0.150944","0.7142856","0.4874689","0.576362","0.7409436","0.5652444","0.4487252","0.2903752","0.2005457","0.3083578","0","0.4983998","0.3702822","0.6756753","0.7058819","0.618369","0.9427479","0.8382152","0.9660906","0.3135937","0.2913152","0.8828366","0.8526489","0.851485","0.6734447","0.9552237","0.8999998","0.9393937","0.548387","0.9808916","0.9730861","0.9129645","0.6746677","0.7709921","0.9732142","0.7802274","0.9258841","0.5940108","0.6239314","0.2998658","0.1229478","0.9482757","0.8905107","0.7946613","0.9769229","0.1818184","0.8517784","0.7041125","0.7272726","0.7435894","0.6864607","0.81468","0.8235292","0.8334298","0.7559169","0.3979544","0.9294116","0.9482757","1","0.9316627","0.9793458","0.9886792","0.9159998","0.9605262","0.6570994","0.6535181","0.2917426","0.532897","0.769126","0.395349","0.5860743","0.9387754","0.1639767","0.1981272","0.590375","0.4117649","0.4350113","0.6030366","1","0.8782541","0.8636361","0.25","0.6129029","0.7812497","0.8214284","0.8296661","0.8681316","0.4459105","0.5384614","0.780225","0.5706351","0.2500014","0.6666665","1","0.9677418","0.7862956","0.8894735","0.9915492","0.5213925","0.7692305","0.5678827","0.380111","0.1705503","0.6165506","0.8721119","0.8235291","0.7748975","0.7766214","0.9249998","0.9016391","0.8674164","0.8151407","0.8579639","0.9516128","0.8927611","0.8285713","0.9050505","0.9742488","0.7692306","0.3606562","0.9857819","0.9071149","16787"
"0.5698067","0.1131518","0.2749113","0.4078609","0.07374389","0.1867537","0.4572533","0.0228156","0.01322593","0.05560971","0.3242175","0.2429463","0.2275779","0.2634865","0.7451997","0.6483001","0.4983998","0","0","0.245714","0.1022319","0.2014413","0.5034893","0.2766546","0.4830681","0","0.1160378","0.5063704","0.367675","0.1737989","0.01198005","0.267902","0.1531456","0","0.07851513","0.1538461","0.7196248","0.5532992","0.1169019","0","0.3415193","0.2003658","0.2109142","0.1540751","0.1548897","0","0.1414633","0.2171169","0.2540072","0.217652","0.08333332","0.04177533","0.2997896","0.158092","0.06049814","0.009348707","0.1013678","0.2337535","0.1976742","0.2993073","0.1657113","0","0.4151895","0.3065403","0.3247172","0.468482","0.546273","0.4689652","0.4227506","0.4229744","0.2575551","0.4576812","0.3276323","0.09267766","0","0","0.5547788","0.1431352","0.5476013","0.5233622","0.1641915","0","0.0501516","0.04505984","0","0.1703246","0.1742058","0.5266881","0.2536161","0","0.1233146","0.2352257","0.513993","0.460784","0.2666663","0.4030632","0.2295391","0.1243779","0.3483777","0.4592495","0.495798","0.3822489","0.2889405","0.613065","0.1164343","0","0.0368719","0.02837722","0.576003","0.04257577","0.5808973","0","0.4942761","0.2409702","0.4195976","0.1720428","0.5609779","0.5156999","0.3600592","0.4677417","0.5503852","0.2347824","0.5298284","0.3244092","0","0.2731994","0.3418801","0.5376908","20615"
"0.4910138","0.02939273","0.1703215","0.3287333","0","0.09539015","0.3724602","0","0","0","0.3745279","0.1981349","0.2029154","0.1401371","0.6913264","0.5632227","0.3702822","0","0","0.146139","0.04572938","0.2260617","0.5366703","0.3103282","0.5124689","0","0.08981245","0.5362024","0.4086019","0.2154162","0.07219722","0.3032107","0.2027582","0","0.103921","0.1975791","0.725846","0.5862923","0.1743904","0.03448276","0.3631351","0.2563826","0.2484234","0.1683001","0.1736313","0","0.08278575","0.2403463","0.2797525","0.285208","0.1107746","0","0.3440393","0.2069682","0.09921666","0.07814407","0.1552942","0.2946982","0.2245504","0.3542286","0.2307691","0","0.4378621","0.3397394","0.324684","0.5005356","0.5601868","0.4677542","0.4589176","0.4342916","0.2610729","0.3925265","0.2645475","0.136853","0","0","0.5037521","0.2040357","0.4489363","0.4402498","0.1894685","0","0.04162756","0.0701932","0","0.1680673","0.0820829","0.410529","0.1412226","0","0.1669603","0.2721192","0.4613482","0.3612451","0.169047","0.3441604","0.1579289","0","0.2965922","0.4802866","0.5161288","0.4196233","0.297994","0.6130669","0.1427561","0.01765258","0.06624492","0","0.5224169","0.08811916","0.610867","0","0.5254892","0.3068329","0.4480651","0.2320054","0.5862729","0.5559309","0.3711052","0.4417262","0.5765306","0.2522463","0.5477477","0.3631352","0","0.1797281","0.3600123","0.5698673","29107"
"0.3483682","0","0","0.01771474","0.2332265","0.06024078","0.1658537","0","0.08860753","0.2828912","0.6276507","0.005524851","0.4188475","0.08036437","0.6977434","0.7473678","0.6756753","0.245714","0.146139","0","0.0825078","0.3370554","0.8783501","0.7546608","0.9010666","0.2853186","0.1045415","0.8246119","0.7800639","0.7721515","0.503086","0.8329109","0.7149022","0.6678194","0.4687498","0.8021972","0.9466173","0.8353906","0.4004162","0.5593744","0.8775506","0.645581","0.7217684","0.3254435","0.3539065","0.0322584","0","0.8029845","0.7672609","0.6698347","0.7464782","0","0.7633462","0.4658184","0.6326527","0.5119612","0.5644087","0.6870809","0.7647055","0.681842","0.5389642","0.1111116","0.8733506","0.87234","0.9160836","0.867841","0.9124955","0.9282866","0.8229089","0.8549446","0.2928842","0.6374294","0.05883216","0.4058722","0.3799124","0.1172418","0.3813704","0.8285709","0.5120449","0.4477476","0.4370397","0.005181518","0.1326489","0.2819669","0.1428571","0.5023802","0","0.6047897","0","0.5605627","0.6595739","0.6732021","0.6012301","0.1560102","0","0.2031666","0","0.1428571","0.6437496","0.9281435","0.9105957","0.7168964","0.8136642","0.9442722","0.4093615","0.6288655","0.3951737","0.1352074","0.3293244","0.2900411","0.8078191","0.6417904","0.701766","0.6473074","0.8333329","0.7725113","0.8182441","0.7315996","0.8026535","0.8982089","0.8453928","0.7810215","0.864734","0.8859312","0.5622312","0.1063833","0.899441","0.8525025","21198"
"0.555474","0","0.08239692","0.2945017","0.04255592","0.2423712","0.4406586","0","0","0.2294533","0.5712681","0.04856948","0.4312421","0.211886","0.7835088","0.7931465","0.7058819","0.1022319","0.04572938","0.0825078","0","0.2344274","0.8129948","0.6884848","0.8257166","0.2621584","0.1556221","0.783912","0.7222218","0.7018802","0.3928436","0.7097754","0.5558284","0.3479098","0.4488035","0.6159521","0.9184894","0.7693519","0.2400877","0.3584526","0.7783647","0.5378481","0.5428462","0.2765311","0.2433361","0","0","0.6522263","0.6332174","0.5767882","0.4946544","0","0.6789293","0.3486542","0.5628931","0.3452376","0.495123","0.5968727","0.6965754","0.5579721","0.4004919","0","0.8180465","0.7995953","0.8363091","0.803193","0.8396958","0.8740611","0.7298748","0.7614059","0.2404875","0.664606","0.2445924","0.3668969","0.1276042","0","0.544257","0.7124208","0.6545151","0.604928","0.3929191","0","0.09324845","0.1059634","0","0.147135","0.140378","0.7060334","0.1770345","0.3315992","0.5073348","0.5251187","0.6340884","0.4604082","0.2158701","0.3379165","0.003253353","0.3153045","0.6601167","0.8595343","0.8551603","0.6787143","0.7571579","0.9046568","0.3612621","0.4800537","0.3287369","0.1157407","0.4932531","0.1122095","0.772001","0.4370944","0.6769783","0.5522566","0.7559686","0.6401444","0.7872052","0.6898636","0.7524991","0.8518545","0.8081026","0.7335786","0.8269559","0.8006579","0.3264729","0.3512655","0.8254443","0.8084811","28986"
"0.6498166","0.3084946","0.4195255","0.474159","0.3858267","0.281417","0.4864972","0.1233959","0.1827241","0.4113595","0.4233625","0.1609413","0.4807576","0.4833607","0.8073323","0.7246696","0.618369","0.2014413","0.2260617","0.3370554","0.2344274","0","0.3911232","0.5171023","0.3789611","0.2505998","0.2171094","0.5511902","0.5438775","0.2933291","0.2266717","0","0","0","0.2263896","0","0.7668957","0.3475725","0","0.09751369","0.1633561","0.1315664","0","0.03242954","0","0","0.09974305","0","0.2046969","0.2553569","0","0.1091588","0.3414344","0","0.2989908","0.179483","0.1943053","0.2058527","0.4146339","0.1006272","0.01337815","0","0.5015463","0.38692","0.5181882","0.4067288","0.3043476","0.5991317","0.2246227","0","0.142866","0.6484857","0.3866039","0.08549478","0.2460467","0","0.5193322","0.1303636","0.6592503","0.6230272","0.3459571","0.2186045","0.1951415","0","0","0.06101132","0.06648578","0.584868","0.340206","0.1692233","0","0.200296","0.3707344","0.5668021","0.257406","0.3870696","0.253599","0.38692","0.519458","0.4088087","0.5086961","0.4464446","0.4233858","0.6316836","0.3604182","0.1190085","0.2501844","0.3395119","0.6755645","0.02544504","0.5062152","0.2454848","0.467447","0.2631771","0.1180609","0.02674719","0.6223953","0.4948563","0.6030392","0.6672571","0.645481","0.4267851","0.6434364","0.2760434","0.005649734","0.2499221","0.4637106","0.5910318","21033"
"0.8727542","0.7672278","0.9002654","0.8442333","0.8868291","0.8280251","0.8434235","0.8225054","0.6525456","0.7986768","0.3299442","0.7587064","0.6039899","0.8462698","0.9387363","0.9450432","0.9427479","0.5034893","0.5366703","0.8783501","0.8129948","0.3911232","0","0.6147404","0","0.3003563","0.5599206","0.4141264","0.5065104","0.3553715","0.3864021","0.05035929","0.4572362","0.6426586","0.3883492","0.3999995","0.7813089","0.1146157","0.3483539","0.4473679","0.1604093","0.08000004","0.6183412","0.5214244","0.401117","0.314736","0.6103315","0.3999994","0.513809","0.1119065","0.5793351","0.546155","0.1749999","0.359111","0.4662918","0.5021038","0.2707481","0.191011","0.4209297","0.2458253","0.3145679","0.3037885","0.421568","0.3071249","0.7004275","0","0.3178289","0.6992078","0.2084465","0.3465341","0.6718202","0.8657545","0.7605671","0.1722741","0.7628785","0.3947747","0.8654817","0","0.9315885","0.8731433","0.4950798","0.7543664","0.576854","0.445882","0.8257257","0.8104188","0.8534838","0.9253391","0.8810448","0.6785709","0.2671005","0.4994263","0.8911058","0.9137252","0.849233","0.888864","0.816959","0.8722244","0.7890053","0","0.3677126","0.2412465","0.648535","0.658682","0.3832234","0.3215254","0.473327","0.6878997","0.8390268","0.4470631","0.1222038","0.6615673","0.2169804","0.06557661","0.0534758","0.05347594","0.4492856","0.1834392","0.6969782","0.8460695","0.5243568","0.5164581","0.5665428","0","0.4760558","0.8028416","0.6492301","0.4210041","18596"
"0.7885721","0.6219841","0.7931372","0.7390204","0.7132071","0.6295308","0.742717","0.6719624","0.5414175","0.519047","0.005359306","0.6688465","0.1399034","0.7271104","0.8865106","0.8661372","0.8382152","0.2766546","0.3103282","0.7546608","0.6884848","0.5171023","0.6147404","0","0.6708264","0","0.3021023","0.2348666","0","0","0.01860189","0.5998355","0.4455083","0.3620206","0","0.5736321","0.6155839","0.7123718","0.4369191","0.3909385","0.6510161","0.4240431","0.5650736","0.3820888","0.5211473","0.2454754","0.5144009","0.654268","0.6526704","0.2045942","0.6385251","0.4615434","0.4681857","0.3901847","0","0.247515","0","0.216183","0.2063851","0.5758537","0.3973376","0.2946428","0.2348447","0.07096755","0.482657","0.576974","0.7677845","0.391594","0.6747007","0.7128562","0.5600274","0.6139373","0.6163502","0.0310024","0.5223907","0.1705735","0.7852308","0.2825619","0.837503","0.7460463","0.04564967","0.5080728","0.3298077","0.4833273","0.6692969","0.7421538","0.7065584","0.8228993","0.7478505","0.559797","0.529336","0.6292975","0.799544","0.8158263","0.7180204","0.7873176","0.7076062","0.6782631","0.369346","0.5188624","0.3800734","0.07230556","0","0.5315866","0","0.318315","0.02774006","0.4088233","0.725692","0.4293699","0.5027213","0.3997882","0.2745641","0.3011307","0.5879076","0.4355742","0.269543","0.321731","0","0.2328765","0.2348813","0","0.292395","0.3063919","0.24499","0.6418896","0","0.2947634","28133"
"0.87431","0.7679738","0.9178553","0.8513465","0.9134361","0.8573124","0.850378","0.8540749","0.6343484","0.8146824","0.4117653","0.7682408","0.6153739","0.8487098","0.9420711","0.957865","0.9660906","0.4830681","0.5124689","0.9010666","0.8257166","0.3789611","0","0.6708264","0","0.2674419","0.5710032","0.5487356","0.5753043","0.5100499","0.4175179","0.09853196","0.59872","0.7353438","0.4409074","0.5806856","0.8561969","0.03275634","0.3304828","0.4246572","0","0","0.7280739","0.561688","0.3932723","0.2997577","0.5983933","0.3648444","0.4086018","0.1738998","0.6656529","0.5156849","0.02857173","0.4068396","0.5312497","0.5336356","0.3503869","0.3175417","0.4013299","0.1708346","0.3540667","0.2828434","0.5557486","0.5303322","0.7745568","0","0.2845253","0.7984112","0.05547224","0.4465889","0.695634","0.8818928","0.7676938","0.228763","0.7872337","0.3963217","0.8771371","0.08045988","0.9446465","0.8814817","0.5328622","0.7690803","0.5883331","0.4190845","0.891975","0.8297502","0.8995237","0.9460948","0.907438","0.6685732","0.1835948","0.3997442","0.921621","0.9270288","0.8752443","0.9086953","0.8295601","0.9004559","0.8187435","0.3665157","0.6202526","0.3438772","0.7536171","0.8153324","0.4023832","0.2520772","0.5041912","0.6904545","0.84151","0.4266748","0.315321","0.6716028","0.3385907","0.05076161","0.3135932","0.1176472","0.544512","0.3188545","0.7377444","0.8938989","0.6076718","0.6057344","0.6278539","0.3987335","0.4774512","0.8254174","0.8100167","0.5605725","18294"
"0.5522887","0.2252627","0.3747018","0.4595838","0.1829057","0.09732889","0.4005744","0.05220836","0.1708382","0.06494762","0.1314271","0.3341394","0.01417135","0.3122162","0.7246532","0.5100307","0.3135937","0","0","0.2853186","0.2621584","0.2505998","0.3003563","0","0.2674419","0","0.08298263","0.2221082","0.03291598","0","0","0.01780357","0.02906048","0","0","0","0.433702","0.4816201","0.2225459","0","0.02877699","0.09325655","0.1483424","0.1170212","0.1421305","0.05097657","0.1608391","0.01780356","0.1561712","0.05842315","0","0.139987","0.09374211","0.154","0","0.02120263","0","0.07016813","0","0.2910302","0.1811131","0","0","0","0","0.2209302","0.3587566","0","0.3175281","0.1815301","0.3466859","0.289044","0.3532012","0","0.1088502","0","0.5524772","0","0.4857915","0.4205759","0.03813583","0","0.1027812","0.1164739","0","0.3384398","0.07499058","0.2883026","0.226218","0","0.01635383","0.2424964","0.4173801","0.4710327","0.1947565","0.4649677","0.3140661","0","0.01000941","0.01121752","0.08509604","0.08756561","0","0.1107414","0","0","0","0.05796215","0.6331543","0.207867","0.418054","0","0.2993172","0.1193226","0.1922353","0","0.2832367","0.3677653","0","0","0.2355928","0","0.1408199","0","0","0.09060341","0","0.2666433","21647"
