"21132","15577","20252","12783","20967","24828","16578","16710","20241","10143","10495","14576","21737","25917","19262","30013","16787","20615","29107","21198","28986","21033","18596","28133","18294","21647","27798","26357","27743","22056","14702","21852","13157","25350","62306","12337","24564","21693","16919","12948","23827","27908","15181","15313","30058","22804","24472","13883","50266","26654","50273","24597","11760","12761","14158","26159","12640","26071","20626","11804","15676","26060","24608","62410","25543","26075","25071","50249","20087","28568","16666","14125","25730","17610","23695","13718","28337","15907","15148","18976","28898","18393","27666","27286","28136","28326","30038","22215","12816","28210","24245","27083","27340","13168","13036","11133","24091","27600","12860","10176","24014","12046","50279","26995","27028","14840","30095","30178","10506","24696","19691","19548","20571","12849","14328","21231","28271","26973","27765","16655","14994","17599","27677","13476","17227","10055","62466","19328",""
"0","0.05318424","0.2296316","0.3833821","0.4104005","0.310716","0.2118807","0.1519849","0.3652861","0.203892","0.3074359","0.2990149","0.5635786","0.1935976","0.2439525","0.4129254","0.1420003","0.2850236","0.3702728","0.3071253","0.1848678","0.31792","0.4028937","0.2617126","0.3670259","0","0.5756515","0.3321628","0.32505","0.1360718","0.1482896","0.3598719","0.1310055","0.00342232","0.186894","0.3103253","0.3580731","0.2845724","0.1913059","0.1834061","0.08759969","0.3611822","0.3415076","0.1647628","0.1354239","0.3578569","0.2094933","0.1398522","0.002842493","0.1512191","0.1876602","0.2320575","0.2302415","0.3294098","0.4200563","0.5319257","0.2800252","0.3118754","0.2229636","0.2364679","0.2230891","0.09764461","0.4219204","0.3751894","0.6331371","0.3741451","0.2126272","0.2356906","0.2252021","0","0.1569305","0.5330368","0.4780058","0.1248921","0.2444291","0.3846433","0.17493","0.3037544","0.3186596","0.09818063","0.2783434","0","0.3397793","0.2426549","0.07311285","0.302993","0","0.2350993","0.191641","0.2909401","0.2840407","0.4159579","0.07520571","0.05926099","0.3968848","0.4196517","0.3104673","0.4544808","0.3850854","0.6599765","0.265787","0.01386662","0.2569161","0.6257711","0.2861952","0.3126454","0.1873045","0.4589203","0.4772728","0.4932263","0.195224","0.2953162","0.4871199","0.3628287","0.3530206","0.2099392","0.1647308","0.2733555","0.2756698","0.6544444","0.322919","0.3076213","0.3845281","0.3043892","0.2645661","0","0","0.5199674","21132"
"0.05318424","0","0.1129031","0.2071596","0.3660852","0.274336","0.01811243","0","0.1960322","0.1057611","0.2047713","0.2237082","0.529695","0.1123188","0.169278","0.4017445","0.01234611","0.2156213","0.3181815","0.2263056","0","0.0791912","0.2337725","0.1292197","0.2788257","0.03363345","0.5287218","0.1922184","0.2724864","0.1009463","0.1093858","0.3296089","0","0","0.08045968","0.07407412","0.2088833","0.1504593","0.1405749","0.1235264","0","0.4318512","0.2075076","0.04701396","0","0.2517659","0.1462217","0.1935482","0.07396949","0","0","0.07579344","0.1687656","0.328134","0.541176","0.4686689","0","0.1107646","0.1397848","0.07270809","0.1666665","0.06733815","0.3012418","0.2647056","0.6082945","0.1391508","0","0.05904053","0.07894751","0","0","0.5194712","0.4001432","0","0.02239445","0.2480113","0","0.03846153","0.2441926","0","0.1822355","0","0.2423576","0.01734104","0","0.27274","0","0.1786742","0.07834097","0.1393824","0.3162389","0.4595173","0","0","0.423423","0.2546266","0.1088057","0.358974","0.2293231","0.6238241","0.07514434","0","0","0.6174138","0.1348454","0.0551179","0.1146612","0.234417","0.3842508","0.3150622","0.1924743","0.06803343","0.3512713","0.1802099","0.140225","0","0","0","0.1932358","0.6510174","0.2170435","0.06779653","0.3189668","0.1916165","0.04929578","0.215116","0","0.4614508","15577"
"0.2296316","0.1129031","0","0","0.04884678","0.405089","0.2161864","0","0.1061453","0.1174098","0","0","0.2538856","0.2299897","0.4037905","0.5548696","0.2955802","0","0.03817917","0","0.09208823","0.1996843","0.190244","0","0","0.04879698","0.4200834","0","0.003527323","0","0","0","0","0","0","0","0","0","0.02585298","0.04357081","0","0.2015809","0.1735535","0","0.1345249","0.2429963","0","0","0.1537132","0.007879413","0.2159762","0.09907141","0.2332266","0.2142758","0.4444441","0.2199545","0.1735535","0","0","0.02063318","0","0.1182903","0.01869144","0","0.3316827","0.1918925","0.04484574","0.1793311","0.1165866","0","0.1018206","0.2497198","0.06086262","0.1524548","0.2151939","0.1436463","0.2098486","0.1795665","0.05769061","0.08068857","0","0","0.04875369","0.2436972","0","0","0","0","0","0.4399299","0.05995917","0.2616393","0","0.06981004","0.1114057","0.302317","0.1149132","0.4731607","0","0.4527895","0.3266929","0.02444477","0","0.3972328","0.006792439","0.3420071","0.2284762","0.4299513","0.2063682","0.5041377","0.2548283","0","0.1354397","0","0","0.08269955","0.04615223","0.1535894","0","0.4461823","0","0.2119563","0","0","0","0.07166124","0","0.1257191","20252"
"0.3833821","0.2071596","0","0","0.2024088","0.7292709","0.4427357","0.001777152","0.1183922","0.2675777","0.02070042","0.06240112","0.4328816","0.3186924","0.4869623","0.794384","0.6838629","0.05147555","0.1520152","0.08294197","0.1261586","0.2630836","0.5109694","0","0.2233273","0.2999922","0.5885962","0","0.09870008","0.1378116","0.1174967","0.3705375","0","0.0424627","0","0.07395327","0.002042126","0.1080888","0.2090611","0.3815497","0.4333473","0.5364215","0.4649638","0.07305009","0.4018598","0.4436438","0.1239672","0.5394801","0.4724964","0.09925233","0.5287111","0.2614939","0.4897822","0.5213379","0.7982028","0.4957747","0.3721863","0","0.09027537","0.1571349","0.1487867","0.3385466","0.361403","0.3448736","0.7312933","0.3051965","0.1402572","0.4805659","0.222832","0.1518917","0.1521581","0.433839","0.1847001","0.2802185","0.2586545","0.2835672","0.3252179","0.451794","0.153489","0.1549491","0.05974864","0.221878","0.07838591","0.3599956","0","0.213093","0.3849895","0.4726798","0.1435931","0.6584651","0.3974924","0.4545628","0.09652491","0.08865061","0.4868113","0.3543962","0.1093156","0.7473287","0.03155328","0.7956569","0.6426806","0.1635613","0.03272037","0.7140448","0.06344441","0.5899554","0.3989095","0.5974761","0.2926853","0.6017418","0.4080848","0.2343532","0.1887861","0.008792232","0.06210236","0.2618144","0.06281914","0.155312","0.02026864","0.7458596","0.0162898","0.5122477","0.110452","0.2109027","0","0.5878843","0.1776881","0.3025746","12783"
"0.4104005","0.3660852","0.04884678","0.2024088","0","0.6594907","0.5268866","0.1999998","0.2169026","0.2857139","0","0.1004518","0.1770495","0.3157529","0.5812152","0.7504944","0.6253656","0.02001691","0","0.1016045","0.2816683","0.3894732","0.560668","0.04409167","0.1709842","0.2339131","0.3746475","0","0","0","0.1351349","0","0.221757","0.1497139","0","0.09030088","0.08695647","0.2572834","0.3255658","0.4144596","0.3736652","0.2558534","0.4501252","0.1666664","0.4630869","0.5161538","0.1093386","0.3113921","0.4410003","0.3075057","0.479923","0.399592","0.5124059","0.4755962","0.6129027","0.4312305","0.4679638","0.2118542","0","0.3530054","0.2093079","0.2038519","0.2686977","0","0.3526007","0.3616376","0.2294614","0.3008735","0.2657922","0.2506884","0.3291699","0","0","0.3696057","0.3815366","0.05372098","0.473455","0.3629972","0","0.2626726","0.1323506","0.09891689","0","0.4572702","0","0.1729923","0.3774969","0.3407032","0.1651628","0.5941304","0","0.09232662","0.2538856","0.1645263","0.03517601","0.3752214","0.1809523","0.5605811","0","0.5294115","0.6132369","0.2794608","0.18894","0.1744469","0.1830582","0.5632388","0.3481758","0.6724261","0.3922074","0.708319","0.3718217","0.3226881","0.150374","0.1684334","0.08221781","0.3202828","0.224453","0.3978474","0","0.3342576","0.03484578","0.433242","0","0.05295954","0","0.2709829","0.1679047","0.007444211","20967"
"0.310716","0.274336","0.405089","0.7292709","0.6594907","0","0.04651168","0.466666","0.7083801","0.7289171","0.4824822","0.6425986","0.6462793","0.5974111","0","0.04885643","0.3750004","0.4736269","0.6989922","0.7272721","0.5394732","0.6364894","0.4530382","0.5400078","0.4253297","0.2181566","0.7611733","0.5867206","0.5275226","0.5035207","0.5131973","0.7285064","0.2941172","0.4193543","0.4507037","0.6694909","0.4110551","0.2770609","0.3839707","0.3677124","0.1374999","0.6276973","0.3011147","0.4957977","0","0","0.3502245","0.3445373","0.1133483","0.1845944","0.5714279","0.07081901","0","0.2335371","0.5636357","0.7365015","0.3915852","0.6393857","0.5937495","0.2944582","0.4410544","0.6089294","0.4545449","0.7539427","0.7923623","0.6952859","0.6079918","0.71192","0.7065863","0.2909086","0.4473053","0.6931519","0.6005397","0.16451","0.511456","0.5714282","0.5079947","0.681632","0.5559189","0.286677","0.3880234","0.6249993","0.5728042","0.01265832","0.5297291","0.3903861","0","0.1075948","0.1894995","0.4999995","0.6776854","0.6842927","0.2460061","0.07781991","0.5446424","0.7210296","0.4365701","0.8124995","0.6808505","0.8681316","0","0.3167182","0.594117","0.7681604","0.2934026","0.5416661","0.6974407","0.3804615","0.2866483","0.1808013","0.6217474","0.1093749","0.646089","0.5491009","0.6413038","0.2968746","0.3890688","0.3921681","0.6215525","0.8290152","0.626303","0.5575535","0.710421","0.3837833","0.5564197","0.4384232","0.2868847","0.7449725","24828"
"0.2118807","0.01811243","0.2161864","0.4427357","0.5268866","0.04651168","0","0.1012145","0.4556244","0.476892","0.3129284","0.4023027","0.5652228","0.4100157","0.02102846","0.2113489","0","0.3120354","0.5373796","0.4292679","0.2744476","0.3531803","0.06250041","0.3095503","0.2831345","0.1749999","0.6419316","0.3745331","0.4112057","0.3091847","0.3128128","0.5013402","0","0.1318325","0.2209941","0.286713","0.2537821","0.1170306","0.2227096","0.1523808","0","0.5675319","0.220153","0.2605629","0","0.01886791","0.2367574","0.2635375","0.1123709","0","0.1535268","0","0","0.3003228","0.5999995","0.5237304","0.03392128","0.268493","0.3677126","0.06896388","0.2776226","0.3960639","0.2631575","0.493796","0.6755517","0.3897856","0.2872793","0.4357611","0.4409123","0","0.212432","0.6215718","0.4794849","0","0.252747","0.4432986","0.2087962","0.3664592","0.3984161","0.1290351","0.2572238","0.3181814","0.4259865","0","0.25913","0.3032643","0","0.04129274","0.03883852","0.3304154","0.5458931","0.594824","0","0.03364957","0.5231209","0.5196115","0.2422958","0.6208173","0.449664","0.7107306","0","0.107073","0.08235301","0.7109943","0.1054981","0.183544","0.4618507","0.06543497","0.2738732","0.09100878","0.4781202","0","0.4561596","0.2850225","0.3768112","0.1130433","0.1822011","0.06957094","0.4247456","0.7425145","0.4330558","0.2230887","0.5022528","0.2476485","0.2878335","0.3861888","0","0.5937668","16578"
"0.1519849","0","0","0.001777152","0.1999998","0.466666","0.1012145","0","0.2179061","0.1604341","0.01819646","0.05263127","0.3920884","0.1806721","0.249779","0.6716027","0.6666663","0","0.1721967","0.1999995","0","0.1030799","0.3421048","0.01011666","0.03526966","0","0.5648391","0.03179252","0.03225817","0.02500015","0","0.4545452","0","0","0","0.2499993","0","0","0","0.03305777","0.1176468","0.3440856","0","0","0","0.1470178","0","0.2499995","0.08783768","0","0.3333326","0","0.1081081","0.1966188","0.6896544","0.5457065","0","0","0.108108","0","0","0.2169307","0.1818178","0.4999991","0.712328","0.2913379","0.08179386","0.4324317","0.1599999","0","0","0.3686186","0.1613721","0","0.08688871","0.1093751","0.01712589","0.3333326","0.1355193","0","0","0.1176468","0.01383521","0","0","0.02389098","0","0.09302332","0","0.3809521","0.3124994","0.408143","0","0","0.2105261","0.3138828","0","0.727272","0.1111108","0.8536581","0.3225798","0","0.1176462","0.5961534","0","0.3999994","0.3514185","0.3884887","0.132053","0.3837429","0.1881704","0","0.2420492","0.03052545","0.06896538","0","0","0","0.00526319","0.7187495","0","0.3399996","0.204545","0","0","0.3023252","0","0.3954654","16710"
"0.3652861","0.1960322","0.1061453","0.1183922","0.2169026","0.7083801","0.4556244","0.2179061","0","0.2189491","0.02165513","0.2507412","0.4554711","0.1508158","0.4961237","0.7566301","0.5862065","0.1788197","0.1833983","0.2718702","0.07208757","0.1500878","0.5692744","0","0.3768764","0.328374","0.3710589","0","0.1481394","0.03594102","0.2663278","0.4427539","0.119336","0.05673246","0.1244634","0","0.2064718","0.2983024","0.3776397","0.495016","0.4805189","0.5866255","0.5453633","0.2486251","0.4167525","0.5294809","0.3199531","0.5779915","0.5093354","0.2028122","0.2866726","0.3537055","0.5463823","0.6089138","0.7818177","0.4868978","0.3568401","0.1122649","0","0.3368441","0.3407432","0.05177085","0.4036358","0","0.6601764","0.004882899","0","0","0.07988211","0.2337792","0.2044577","0.4351917","0.2785331","0.1946309","0.1090151","0","0.3204525","0.149714","0.01065678","0.1715714","0.2652268","0.2302494","0.09458025","0.3375455","0.1390131","0.3728268","0.4293699","0.5027257","0.1828418","0.4975267","0.2448435","0.3724217","0.2421049","0.08523099","0.5264538","0.1261674","0","0.4307569","0","0.6629535","0.6034642","0.215997","0.0243903","0.5856568","0.1220486","0.3737653","0.1088775","0.5853625","0.4545935","0.6336965","0.389162","0.301587","0.09419814","0.03445451","0","0.2821476","0.1057901","0.1480441","0.08698444","0.633562","0.1504084","0.1627904","0.2464187","0.3995706","0","0.5529531","0.2754713","0.2779474","20241"
"0.203892","0.1057611","0.1174098","0.2675777","0.2857139","0.7289171","0.476892","0.1604341","0.2189491","0","0.1505063","0.3258769","0.5521911","0.000714609","0.4312957","0.7995107","0.7403396","0.225305","0.1650914","0.459907","0","0.1203006","0.6970421","0.1474654","0.4627988","0.1172057","0.6221126","0.1571427","0.1269663","0.3074361","0.1120528","0.6245806","0.2186044","0","0.2483351","0.4865205","0.2331796","0.2857032","0.2555202","0.4769482","0.5986907","0.4909421","0.4786961","0.02912619","0.4338918","0.5230088","0.2065258","0.6011957","0.3878658","0.1718426","0.4143479","0.366029","0.4991411","0.5521806","0.7986688","0.7039007","0.3741219","0.3664972","0.2678355","0.2751734","0.2327329","0.09090916","0.6013283","0.5880528","0.829181","0.3548382","0.1111111","0.3260525","0","0.1285402","0","0.4530399","0.3708693","0.1199474","0.1081552","0.1865131","0.1236594","0.3185685","0.2095238","0","0.1618459","0.136218","0.03439789","0.3154228","0.03786143","0.3365239","0.3649159","0.6033053","0.3076923","0.4870718","0.3207036","0.42083","0.2008499","0","0.4754636","0.2008271","0.1088086","0.690162","0.2943189","0.8778622","0.6343216","0","0.5138698","0.7366515","0.2391591","0.5606129","0.171971","0.6347246","0.4376257","0.6140409","0.003731656","0.4344955","0.3996148","0.2830842","0.2324975","0.09086128","0","0.1968249","0.06601107","0.7980436","0.06095247","0.5600937","0.4040057","0.4517129","0.1358429","0.5160397","0.2073392","0.5118466","10143"
"0.3074359","0.2047713","0","0.02070042","0","0.4824822","0.3129284","0.01819646","0.02165513","0.1505063","0","0","0.1635135","0.2126296","0.4897181","0.573512","0.3330007","0","0.01258688","0","0.1367438","0.2052846","0.2882012","0","0.05082121","0.1692042","0.2082372","0","0","0","0.06182347","0","0","0.002584387","0","0","0.03785594","0.1339743","0.200692","0.211836","0.09458555","0.2716981","0.3070276","0.07321135","0.2525349","0.3621814","0.06856741","0.1531317","0.2909085","0.1419665","0.2160259","0.226336","0.3639555","0.3517178","0.4935959","0.1398734","0.2504448","0","0","0.1881345","0.1223378","0.05431195","0.03707474","0","0.1698773","0.1150814","0.01031197","0.04847976","0.1128728","0.00850908","0.2055083","0.1617894","0.02432979","0.2264816","0.2210908","0.01851491","0.2850149","0.1341881","0","0.182489","0.1042952","0","0.04148162","0.3313113","0","0.124938","0.1612964","0.1072498","0","0.433813","0","0.1372222","0.06382261","0.1691664","0.1528849","0.2277998","0.0759602","0.3292422","0","0.2349981","0.4036984","0.1490507","0","0.1718802","0.0485211","0.3121001","0.1560451","0.461935","0.3432426","0.558273","0.2996769","0.1012582","0.003468948","0","0","0.1899617","0.1388574","0.2173732","0","0.2241809","0.0349462","0.1092135","0","0","0","0.159996","0","0","10495"
"0.2990149","0.2237082","0","0.06240112","0.1004518","0.6425986","0.4023027","0.05263127","0.2507412","0.3258769","0","0","0.2852709","0.3628656","0.4655425","0.7387955","0.6149728","0","0.1095412","0","0.2320615","0.4119248","0.4573544","0.01032862","0.003113746","0.1204518","0.5487122","0.0492597","0.01751524","0","0","0","0.02745794","0.08803974","0","0.1876264","0","0.0177446","0.06638841","0.1994829","0.1975729","0.3193739","0.4148112","0.0443739","0.3247115","0.3487149","0","0.2196781","0.3068077","0.1062414","0.5732545","0.1908865","0.3701268","0.348452","0.6582713","0.3603925","0.4444865","0.03234431","0","0.1128487","0","0.3084699","0.1867832","0.2767489","0.586841","0.4467277","0.2771592","0.5200335","0.329201","0.1149166","0.2144073","0.3124998","0.09059302","0.3228791","0.3603337","0.3336135","0.3927551","0.543719","0.1108699","0.1966678","0","0","0.1126451","0.3661831","0","0","0.2694511","0.1874882","0","0.6538456","0.2168589","0.3115023","0.01714937","0.1141232","0.2288611","0.4757896","0.2138363","0.7409438","0.1610166","0.7198438","0.604729","0.1345396","0.1225838","0.5968459","0.03131998","0.607813","0.4218923","0.6238956","0.2131971","0.6209859","0.3998739","0.1790877","0.2310071","0.07073502","0.2553491","0.3262028","0.1399953","0.2595086","0","0.6383783","0.04027871","0.5148066","0","0","0","0.2821464","0","0.2076919","14576"
"0.5635786","0.529695","0.2538856","0.4328816","0.1770495","0.6462793","0.5652228","0.3920884","0.4554711","0.5521911","0.1635135","0.2852709","0","0.5697791","0.6520654","0.7182186","0.6017313","0.1694333","0.3352216","0.2426771","0.5259117","0.5801745","0.5215654","0.2744323","0.1302942","0.4269433","0.3812848","0.2697387","0.1970987","0","0.3788626","0","0.3586532","0.4234303","0.1145413","0.2003752","0.2414727","0.3452779","0.4700862","0.4698882","0.3641177","0.4064911","0.5364037","0.4168462","0.5082427","0.5113354","0.2962557","0.3351538","0.526275","0.4432621","0.5938017","0.4438198","0.5371896","0.497974","0.5666937","0.2124126","0.5678666","0.3403803","0.1353631","0.4686805","0.3826814","0.4614346","0.08846493","0.06322152","0","0.5141547","0.4506186","0.508532","0.5321456","0.4217844","0.5539017","0.173967","0.0673931","0.5389931","0.572605","0.3754557","0.6246936","0.5471694","0.2092497","0.5048238","0.3348417","0.3506163","0.3520576","0.557664","0.2044196","0.2383748","0.4748665","0.2180448","0.1683962","0.6897955","0.2208636","0.2584219","0.3918413","0.4145617","0.1794045","0.596298","0.4038302","0.6463993","0.2363328","0.1415243","0.6385245","0.4861489","0.2398188","0.03017892","0.2270491","0.6214662","0.5543664","0.6899004","0.383178","0.7393975","0.611939","0.3269349","0.2401474","0.2997571","0.3485308","0.51797","0.483891","0.5458758","0.3101482","0.009646278","0.3835441","0.4841624","0.1676287","0.1440797","0.1724136","0.3623801","0.3364051","0.07273158","21737"
"0.1935976","0.1123188","0.2299897","0.3186924","0.3157529","0.5974111","0.4100157","0.1806721","0.1508158","0.000714609","0.2126296","0.3628656","0.5697791","0","0.4283474","0.677168","0.4743723","0.3128968","0.2375165","0.3899059","0","0.05842885","0.5673571","0.1588738","0.4642539","0.16948","0.4879758","0.1757746","0.2200853","0.1778073","0.2305298","0.4496165","0.1854854","0","0.2461961","0.2103291","0.330595","0.3805974","0.3717153","0.437928","0.4134393","0.4906902","0.4381633","0.1743117","0.3652869","0.5393739","0.3060855","0.4620088","0.3674761","0.2297561","0.00565523","0.3949703","0.4899259","0.551695","0.683713","0.6235717","0.2609281","0.3134882","0.1542893","0.357397","0.3454342","0","0.5128168","0.2900401","0.6884012","0.1308827","0","0","0","0.07130284","0.08624934","0.4684633","0.4279828","0.04455195","0.01049132","0.03269767","0.137702","0","0.1826347","0.0003365407","0.3120815","0.1071923","0.1307085","0.2858224","0.09319875","0.425771","0.2595015","0.4971378","0.3093403","0.1816143","0.1936162","0.3861041","0.22528","0","0.4617542","0.04727532","0.05817955","0.1796266","0.1985862","0.7023101","0.4584518","0.08817173","0.2674251","0.5920021","0.3010045","0.2601307","0","0.5408627","0.5470479","0.5982555","0.07721471","0.3851828","0.3725258","0.2980886","0.09760343","0.1009852","0.0333169","0.2089561","0.1590436","0.6626535","0.206177","0.2317706","0.3888074","0.3940185","0.06173808","0.3776936","0.1469193","0.4752227","25917"
"0.2439525","0.169278","0.4037905","0.4869623","0.5812152","0","0.02102846","0.249779","0.4961237","0.4312957","0.4897181","0.4655425","0.6520654","0.4283474","0","0","0","0.4670718","0.5605747","0.450586","0.3585546","0.3791628","0.2501935","0.4401036","0.4339992","0.2732609","0.6530601","0.483962","0.5339528","0.4085012","0.393229","0.4936288","0.1778372","0.2420637","0.3696112","0.3668023","0.4383046","0.3474337","0.3687284","0.2679455","0.07428137","0.5478872","0.2904937","0.3476899","0","0.2170114","0.3775981","0.289111","0.1700314","0.189637","0.1120743","0.1713962","0.1025974","0.3586671","0.4871414","0.5439001","0.1649542","0.3817352","0.4422672","0.2873098","0.3995877","0.4016368","0.4150708","0.4936244","0.6534013","0.4059641","0.3458623","0.3805105","0.4209923","0.05793398","0.3265728","0.6673123","0.5864278","0.09435684","0.327929","0.5203187","0.2639373","0.3269601","0.5162843","0.2573873","0.4261928","0.3278667","0.5243774","0.01045932","0.3364872","0.4516223","0","0.2309767","0.2880537","0.2028153","0.549174","0.6339792","0.1910154","0.1907601","0.5674513","0.5109869","0.4042872","0.4954618","0.4890485","0.6491733","0","0.238488","0.2583007","0.7118834","0.3550217","0.1529419","0.4259073","0.1490937","0.4880597","0.1411606","0.4496527","0.1919773","0.5569051","0.4442964","0.4352782","0.2258535","0.3287314","0.2721034","0.48423","0.7147078","0.4990355","0.2611635","0.5258535","0.376673","0.3951225","0.3599393","0.1305268","0.6196324","19262"
"0.4129254","0.4017445","0.5548696","0.794384","0.7504944","0.04885643","0.2113489","0.6716027","0.7566301","0.7995107","0.573512","0.7387955","0.7182186","0.677168","0","0","0.277109","0.5996427","0.778729","0.7964248","0.6451769","0.7229207","0.6351463","0.63462","0.6058087","0.4327728","0.7918268","0.6810561","0.6492256","0.6651058","0.6668971","0.8268395","0.5168966","0.615106","0.635724","0.7544448","0.5884173","0.4777835","0.5726757","0.6084204","0.4788588","0.7663425","0.629629","0.6770329","0.1326211","0.2422564","0.586864","0.6510222","0.405594","0.3765471","0.6799111","0.2474835","0.1351754","0.559023","0.7491386","0.7668874","0.5831459","0.7284667","0.705578","0.5147578","0.6222217","0.6965495","0.6092614","0.8136242","0.8537261","0.7529639","0.6978347","0.7832812","0.7763573","0.574155","0.5915204","0.7766346","0.7034198","0.3453722","0.5955538","0.7048092","0.6355359","0.7779474","0.6402125","0.4813711","0.5753454","0.7388336","0.6841982","0.1287672","0.7208678","0.5655656","0.3635566","0.3909623","0.3478259","0.6027097","0.7788336","0.7456928","0.4889185","0.251776","0.7294246","0.7745846","0.5379617","0.8458263","0.7845533","0.884947","0.3040592","0.503109","0.700056","0.8485782","0.3899844","0.5920884","0.7450261","0.50321","0.4788729","0.3771166","0.7311434","0.3380513","0.7074788","0.6341153","0.74981","0.5666774","0.5443075","0.4840166","0.7279891","0.8716699","0.7324721","0.6289669","0.7885769","0.6669508","0.7206299","0.6520958","0.567604","0.7982828","30013"
"0.1420003","0.01234611","0.2955802","0.6838629","0.6253656","0.3750004","0","0.6666663","0.5862065","0.7403396","0.3330007","0.6149728","0.6017313","0.4743723","0","0.277109","0","0.37948","0.669223","0.7991627","0.3999999","0.5667867","0.6803274","0.3843946","0.4464159","0.1699609","0.6811151","0.4759823","0.4639768","0.5000003","0.5034767","1","0.2222223","0.4166667","0.4666667","0.8285711","0.3819423","0.2290568","0.351261","0.5263155","0.7692304","0.7272724","0.6129029","0.5522385","0","0.09864442","0.4078949","0.8285711","0.2262607","0.005768828","0.7692305","0","0.01136452","0.5058821","0.8695649","0.6813079","0.4285714","0.6197182","0.5555555","0.2515948","0.439655","0.5159943","0.4705882","0.8867922","0.9117645","0.641214","0.5254236","0.8124998","0.6818178","0.6470588","0.3320861","0.6810046","0.5606288","0","0.3183267","0.5151515","0.4037707","0.8636361","0.4146341","0.1964841","0.3716468","0.7999995","0.5075112","0","0.7692306","0.3859874","0.2500012","0.2500009","0","0.4444446","0.7037034","0.6192596","0.1917104","0","0.6470587","0.6432899","0.2524356","0.9154927","0.7499997","1","0.3333339","0.1995519","0.8636359","0.8089171","0.09586698","0.4000002","0.5930229","0.3382354","0.3548935","0.2592491","0.608714","8.879234e-07","0.5302489","0.3853867","0.6666665","0.3750001","0.2700417","0.1263145","0.5835071","0.8666664","0.5858932","0.4324329","0.7208088","0.6470587","0.6470588","0.6470588","0.5714288","0.7038078","16787"
"0.2850236","0.2156213","0","0.05147555","0.02001691","0.4736269","0.3120354","0","0.1788197","0.225305","0","0","0.1694333","0.3128968","0.4670718","0.5996427","0.37948","0","0.05601555","0","0.2053242","0.3208936","0.2786619","0","0","0.09353445","0.4083437","0.01195903","0","0","0","0","0","0.02426359","0","0","0","0.0319651","0.08868482","0.1178845","0","0.1897545","0.2812651","0.0288624","0.2300435","0.2974207","0","0","0.2204069","0.1095661","0.3541703","0.1683764","0.298606","0.2535097","0.4440346","0.1717415","0.3091292","0","0","0.1178394","0.004643789","0.1806762","0.006122717","0","0.2519996","0.2935813","0.1530792","0.2802452","0.2243744","0","0.2197246","0.201657","0.02295082","0.2725025","0.3198949","0.2074095","0.3348124","0.3147866","0.0493245","0.1922984","0.001884274","0","0.09589032","0.3399442","0","0","0.1081079","0","0","0.5283775","0.02850373","0.2038471","0","0.1519591","0.06667636","0.3906471","0.1913562","0.5356553","0.003369069","0.4179169","0.4323894","0.1267568","0","0.3425883","0.02789628","0.4401782","0.3012119","0.5201595","0.2196519","0.5802464","0.3405681","0.08061358","0.1473102","0.04065572","0.09740876","0.2253453","0.1551544","0.2631693","0","0.3814531","0.04029571","0.2988916","0","0","0","0.05685786","0","0.06609808","20615"
"0.3702728","0.3181815","0.03817917","0.1520152","0","0.6989922","0.5373796","0.1721967","0.1833983","0.1650914","0.01258688","0.1095412","0.3352216","0.2375165","0.5605747","0.778729","0.669223","0.05601555","0","0.1438475","0.194577","0.3292871","0.5976475","0.04583491","0.2648842","0.2129628","0.4805199","0.001109242","0","0","0.08201462","0.06504111","0.2301274","0.07450675","0","0.1982661","0.1066146","0.2590204","0.2862624","0.4236215","0.4470219","0.2940542","0.4612491","0.0958902","0.4868328","0.5340497","0.1067537","0.39493","0.4441707","0.282899","0.4976233","0.4079105","0.532102","0.5004946","0.6809364","0.5329213","0.4659657","0.2240282","0","0.3260861","0.1833331","0.1748734","0.403973","0.1759463","0.5815092","0.3624155","0.201634","0.3218079","0.1666664","0.2394652","0.2367963","0.1297243","0.08871898","0.350944","0.3279874","0.07626481","0.4072953","0.3691384","0.04389682","0.1897365","0.1063895","0.06120766","0","0.4572058","0","0.2107381","0.4020537","0.4563275","0.2363736","0.6060562","0","0.1948469","0.2458434","0.1093319","0.1611082","0.3185282","0.1659941","0.615184","0","0.6916886","0.6411442","0.2173351","0.2799594","0.4431274","0.2066541","0.5931733","0.3066146","0.6732831","0.4000976","0.6911407","0.2725869","0.3877907","0.2268498","0.1891083","0.08966906","0.290665","0.138464","0.3502068","0","0.5559615","0","0.5051482","0.02361254","0.1540784","0","0.3503476","0.1756463","0.1696532","29107"
"0.3071253","0.2263056","0","0.08294197","0.1016045","0.7272721","0.4292679","0.1999995","0.2718702","0.459907","0","0","0.2426771","0.3899059","0.450586","0.7964248","0.7991627","0","0.1438475","0","0.2623475","0.4727274","0.5953481","0","0","0.1339597","0.5467579","0.02869256","0.002961883","0","0.004376703","0.2258067","0.0638301","0.1851851","0","0.3465341","0","0","0.07919843","0.3027021","0.4271349","0.3999996","0.5134364","0.1226096","0.3442623","0.3345037","0","0.4453774","0.3645317","0.09128026","0.7306115","0.1629556","0.3757574","0.394016","0.7735842","0.3638858","0.5345054","0.04444503","0","0.11556","0","0.3732714","0.1657754","0.4453774","0.6957396","0.5245123","0.353191","0.6717716","0.4356584","0.3465339","0.2390036","0.3095397","0.05210991","0.3128449","0.3705316","0.3370165","0.451411","0.7092503","0.08097411","0.2030966","0","0.1910105","0.1131001","0.3324999","0","0","0.4169274","0.220544","0","0.6962021","0.3009705","0.3099601","0.04967608","0.08550506","0.269962","0.5135645","0.1799957","0.8447053","0.2499996","0.8471332","0.7099691","0.1624524","0.3006128","0.6396863","0","0.681697","0.490516","0.6688619","0.1798424","0.6354564","0.4616365","0.1462452","0.1938931","0.027239","0.3370162","0.3846151","0.1449605","0.2470548","0.02093111","0.6984919","0.06230358","0.5896482","0","0.04672943","0.04672965","0.4301672","0.1124254","0.1935482","21198"
"0.1848678","0","0.09208823","0.1261586","0.2816683","0.5394732","0.2744476","0","0.07208757","0","0.1367438","0.2320615","0.5259117","0","0.3585546","0.6451769","0.3999999","0.2053242","0.194577","0.2623475","0","0","0.4366194","0.06672881","0.3500841","0.1294117","0.5200955","0.08675003","0.1753471","0.1322313","0.1113185","0.3843282","0","0","0.1076293","0.07894721","0.1814872","0.2210189","0.2267778","0.3023253","0.273504","0.4641559","0.3086415","0.01445466","0.2281498","0.4238133","0.1764705","0.3859645","0.2842995","0.05159023","0","0.24841","0.3853268","0.4638475","0.675058","0.5562539","0.08196721","0.1262137","0.1076292","0.1750495","0.2074072","0","0.4145702","0.270833","0.6762585","0.05364139","0","0","0","0","0","0.4630005","0.3488509","0","0","0.0904018","0","0","0.1712756","0","0.1697009","0.03079711","0.08679598","0.1753554","0","0.3189992","0.08653814","0.4034087","0.1939094","0.2470204","0.2623869","0.4256117","0.03866246","0","0.4389309","0.07548395","0.01065902","0.3749996","0.105263","0.7043007","0.3575414","0","0.07608697","0.6280272","0.1738838","0.2185512","0.03850665","0.4248362","0.4252824","0.4910755","0.1066628","0.2280874","0.2955404","0.1562982","0","0","0","0.04599805","0.07907385","0.6815117","0.09129975","0.1999997","0.2939225","0.2613633","0","0.3789804","0","0.4256115","28986"
"0.31792","0.0791912","0.1996843","0.2630836","0.3894732","0.6364894","0.3531803","0.1030799","0.1500878","0.1203006","0.2052846","0.4119248","0.5801745","0.05842885","0.3791628","0.7229207","0.5667867","0.3208936","0.3292871","0.4727274","0","0","0.5545573","0.1750234","0.4580516","0.2927346","0.5718579","0.1666664","0.2640061","0.3501643","0.3034123","0.5787992","0.07850048","0","0.2912236","0.1985513","0.2349204","0.3063058","0.3735531","0.4826676","0.483026","0.5993729","0.3861037","0.1764308","0.3243319","0.4852932","0.3163042","0.5840896","0.445609","0.12406","0","0.3201322","0.470761","0.5741836","0.7814902","0.6572836","0.04155412","0.2627644","0.2912235","0.2804343","0.3581389","0.1748736","0.5121461","0.4375259","0.7624973","0","0","0","0","0.0521055","0.02944488","0.5311907","0.4118753","0","0","0.07802905","0.05422729","0","0.2574059","0","0.265251","0.3376994","0.1457896","0.1449036","0.211331","0.4281496","0.2567231","0.5428566","0.2927991","0.2186045","0.4423741","0.5271655","0.2003145","0","0.5551402","0.005778466","0","0.421854","0.1779896","0.7881726","0.4318938","0.1087479","0.2163667","0.701734","0.2182172","0.206182","0.1806784","0.4299281","0.4600673","0.4947227","0.2349862","0.2827951","0.327898","0.2198973","0","0","0","0.03772501","0.2269507","0.7572544","0.2096157","0.249886","0.4543643","0.405628","0","0.5850138","0.2646589","0.5207119","21033"
"0.4028937","0.2337725","0.190244","0.5109694","0.560668","0.4530382","0.06250041","0.3421048","0.5692744","0.6970421","0.2882012","0.4573544","0.5215654","0.5673571","0.2501935","0.6351463","0.6803274","0.2786619","0.5976475","0.5953481","0.4366194","0.5545573","0","0.379438","0.1958764","0.336701","0.7230092","0.4263145","0.4061473","0.5437259","0.4192845","0.7802811","0.04651187","0.4409087","0.3283578","0.6492299","0.1463496","0","0.2323874","0.2727268","0.09433899","0.655555","0.3103443","0.4122345","0","0","0.2414691","0.5793349","0.3534226","0.003394871","0.7253004","0","0.04761954","0.3033299","0.8062009","0.5671442","0.3333327","0.3846151","0.5686896","0.03467396","0.2772878","0.6436731","0.2499996","0.7892784","0.8341703","0.6364128","0.5682226","0.8029845","0.6656914","0.3701651","0.342418","0.6279045","0.421331","0.2332732","0.4373257","0.5822782","0.4575874","0.7742567","0.4515541","0.274738","0.1834018","0.6896543","0.4471956","0.08695672","0.5741928","0.2291882","0.1157899","0.1240883","0.06095773","0.6768289","0.7193342","0.6413063","0.0956525","0.1120335","0.6030365","0.6494221","0.31677","0.8945416","0.6360288","0.9128488","0.3958328","0.2916365","0.4606734","0.8238905","0.05098181","0.6324497","0.6866806","0.3308685","0.06024979","0.2811825","0.6212128","0","0.461714","0.2868476","0.5948899","0.3374998","0.2745972","0.1899517","0.5142708","0.8519996","0.4726926","0.6330931","0.5798161","0.2981131","0.5242962","0.68421","0.3999995","0.6197564","18596"
"0.2617126","0.1292197","0","0","0.04409167","0.5400078","0.3095503","0.01011666","0","0.1474654","0","0.01032862","0.2744323","0.1588738","0.4401036","0.63462","0.3843946","0","0.04583491","0","0.06672881","0.1750234","0.379438","0","0.1160953","0.1376254","0.2669878","0","0.01265746","0","0.06427418","0.05180313","0","0","0","0","0.0506912","0.1325828","0.2122139","0.2713083","0.1530427","0.3824742","0.3687454","0.07168883","0.2329987","0.382688","0.09281434","0.2609357","0.3113237","0.08510625","0.1981411","0.2020743","0.3773723","0.4274038","0.6060695","0.2555842","0.2496722","0","0","0.1854105","0.1450438","0","0.1128311","0","0.3826234","0.07063364","0","0.0004029019","0.07353837","0","0.1557113","0.2728146","0.106334","0.1388832","0.1473366","0","0.2691983","0.123685","0","0.115071","0.1108215","0","0.03312154","0.2573372","0","0.167307","0.1707469","0.1696141","0","0.4181036","0.002760072","0.2055918","0.03255798","0.0644743","0.2649797","0.2067462","0","0.3610152","0","0.4206126","0.4424386","0.09652541","0","0.3424654","0.009684806","0.2942359","0.1052033","0.5080175","0.357889","0.5861841","0.3148044","0.08484659","0.01716947","0","0","0.1659683","0.07065312","0.1399748","0","0.4087001","0.0337191","0.0607619","0","0.06866495","0","0.2385291","0","0.07913135","28133"
"0.3670259","0.2788257","0","0.2233273","0.1709842","0.4253297","0.2831345","0.03526966","0.3768764","0.4627988","0.05082121","0.003113746","0.1302942","0.4642539","0.4339992","0.6058087","0.4464159","0","0.2648842","0","0.3500841","0.4580516","0.1958764","0.1160953","0","0.1542287","0.5087224","0.1433393","0.09960848","0","0.1048461","0","0","0.1602673","0","0.04682272","0","0","0.1153661","0.1068931","0","0.2669442","0.2390191","0.1313557","0.1684526","0.1446343","0","0","0.240506","0.09275544","0.4561064","0.06603995","0.1928685","0.1569068","0.4377263","0.1302389","0.3444782","0.0559664","0.05017421","0.08562104","0.02912616","0.3747781","0","0.1530459","0.1741843","0.433139","0.314498","0.4568685","0.4435823","0.04682263","0.3292337","0.2902864","0.02417832","0.2730843","0.4188592","0.3010908","0.4584954","0.4428148","0.1790896","0.2500871","0","0.1392238","0.2244232","0.2714283","0","0","0.06589415","0","0","0.5755495","0.2566145","0.3605867","0.001771821","0.143196","0.07320332","0.5417896","0.2383876","0.6541257","0.1361474","0.4543545","0.428793","0.2167654","0","0.4090556","0","0.5020742","0.5033227","0.541035","0","0.5722046","0.4996588","0","0.211009","0.0880882","0.2224619","0.2451344","0.2385777","0.3042462","0.1602977","0.4610774","0.1970231","0.3597417","0.0163702","0","0","0.149746","0","0.1893685","18294"
"0","0.03363345","0.04879698","0.2999922","0.2339131","0.2181566","0.1749999","0","0.328374","0.1172057","0.1692042","0.1204518","0.4269433","0.16948","0.2732609","0.4327728","0.1699609","0.09353445","0.2129628","0.1339597","0.1294117","0.2927346","0.336701","0.1376254","0.1542287","0","0.5192339","0.2031234","0.1277372","0","0","0.04109628","0","0","0","0.1491396","0.1738627","0.1199301","0","0","0","0.09193775","0.1699141","0","0.05529129","0.2546346","0","0","0","0.04885828","0.1491396","0.1317835","0.1086853","0.1265432","0.1863819","0.4777481","0.2128602","0.2007506","0.02999615","0.09962202","0.002463209","0.03258254","0.230769","0.2060659","0.4675586","0.342105","0.1440217","0.1632372","0.1671886","0","0.0800754","0.3662868","0.3150003","0.06943253","0.2402544","0.2195982","0.1661266","0.2060659","0.1857275","0.0005806736","0.07310552","0","0.1858045","0.190388","0","0.07890375","0","0","0.00902219","0.2944947","0.05484908","0.27168","0","0","0.0782952","0.4089953","0.2229441","0.4243206","0.2058203","0.5638627","0.2127964","0","0.08803389","0.4413118","0.1734266","0.3151885","0.1952772","0.4840576","0.3488166","0.5202341","0.09824273","0.1216013","0.402078","0.2676457","0.2113244","0.05613155","0.0640113","0.2583964","0.09754405","0.5333529","0.1627846","0.238845","0.2138286","0","0.0207715","0","0","0.4126617","21647"
"0.5756515","0.5287218","0.4200834","0.5885962","0.3746475","0.7611733","0.6419316","0.5648391","0.3710589","0.6221126","0.2082372","0.5487122","0.3812848","0.4879758","0.6530601","0.7918268","0.6811151","0.4083437","0.4805199","0.5467579","0.5200955","0.5718579","0.7230092","0.2669878","0.5087224","0.5192339","0","0.2769768","0.3501402","0.1299955","0.5673606","0.5135815","0.474754","0.4773198","0.3851347","0.1530504","0.4721123","0.557177","0.6532388","0.6885868","0.6141327","0.6854104","0.7066159","0.5816947","0.5907052","0.6709706","0.5501817","0.6570347","0.6635365","0.5215894","0.5511094","0.5632535","0.6732986","0.7277773","0.7904053","0.5105745","0.626455","0.5015513","0.1415092","0.6300245","0.6094954","0.326676","0.4348437","0","0.434651","0.4008134","0.3549193","0.2658829","0.5405867","0.5570574","0.5987712","0.4508442","0.4023357","0.4760861","0.4855906","0.1540137","0.668911","0.481481","0.08239346","0.5145158","0.5535458","0.5154675","0.4088738","0.5248038","0.4611941","0.5531079","0.6195647","0.537797","0.2980796","0.6169069","0.2903666","0.3077993","0.5403532","0.3475523","0.5627191","0.5021764","0.2115644","0.3748088","0.3275692","0.2261308","0.7184239","0.5503025","0.3519573","0.1527544","0.3128622","0.5310675","0.4349473","0.7511258","0.6425004","0.7944107","0.6662349","0.4626382","0.187936","0.3522833","0.3040341","0.5722824","0.5062023","0.5269176","0.439276","0.214208","0.5305061","0.2254213","0.4829541","0.5445737","0.254168","0.5939778","0.5341061","0.3177767","27798"
