"21132","15577","20252","12783","20967","24828","16578","16710","20241","10143","10495","14576","21737","25917","19262","30013","16787","20615","29107","21198","28986","21033","18596","28133","18294","21647","27798","26357","27743","22056","14702","21852","13157","25350","62306","12337","24564","21693","16919","12948","23827","27908","15181","15313","30058","22804","24472","13883","50266","26654","50273","24597","11760","12761","14158","26159","12640","26071","20626","11804","15676","26060","24608","62410","25543","26075","25071","50249","20087","28568","16666","14125","25730","17610","23695","13718","28337","15907","15148","18976","28898","18393","27666","27286","28136","28326","30038","22215","12816","28210","24245","27083","27340","13168","13036","11133","24091","27600","12860","10176","24014","12046","50279","26995","27028","14840","30095","30178","10506","24696","19691","19548","20571","12849","14328","21231","28271","26973","27765","16655","14994","17599","27677","13476","17227","10055","62466","19328",""
"0","0.24245","0.06114047","0.5565821","0.0839385","0.5726022","0.3580243","0.3388083","0.3861709","0.100081","0.3795701","0.5213491","0.5204404","0.244442","0.1986842","0.4831671","0.5883245","0.3751894","0.2314265","0.05084389","0.3787631","0.4195116","0.7908615","0.5704636","0.8482368","0.5314774","0.8076693","0.4347421","0.6877037","0.191305","0.7451339","0.6909236","0.4901356","0.8431013","0.6210086","0.680115","0.5792016","0.4325854","0.3950579","0.6242337","0.4752","0.718541","0.6254062","0.3012587","0.3600537","0.5976919","0.4511103","0.5476962","0.4598875","0.5733113","0.2830012","0.3551267","0.6387506","0.5568665","0.8616913","0.5335705","0.7102245","0.5070811","0.8063148","0.6232597","0.6260342","0.6903687","0.5360243","0.3965203","0.910089","0.5828194","0.4232779","0.8135079","0.482274","0.6433792","0.3947972","0.733909","0.6490351","0.6914074","0.5690497","0.6794339","0.5130506","0.4687143","0.6511632","0.1786867","0.2746302","0.5922938","0.06883425","0.8272493","0.7215037","0.7696737","0.7727801","0.6121925","0.5810903","0.4416003","0.6481867","0.7802082","0.6736836","0.6036282","0.4314969","0.4207964","0.2098288","0.5435054","0.357252","0.9126694","0.1205798","0.4166502","0.6437721","0.8058681","0.5458443","0.8011534","0.5182158","0.6415936","0.576399","0.4956452","0.416501","0.5311445","0.5224574","0.496672","0.8633064","0.4325062","0.626806","0.6360816","0.5296354","0.7044429","0.4347608","0.7882608","0.3908512","0.614745","0.213349","0","0.4890101","0.7582403","21132"
"0.24245","0","0.1190808","0.2081815","0","0.1965945","0","0","0.2415045","0.006570002","0.1476114","0.5004302","0.2966441","0.1990541","0.2551831","0.1371468","0.4984169","0.0364441","0.2737019","0.01163752","0.1937013","0.4800023","0.6824246","0.3712245","0.7737383","0.3910058","0.7086695","0.1434687","0.6006392","0","0.6550824","0.5336031","0.1621597","0.7562702","0.4558498","0.5276769","0.4489282","0.3368525","0.2436035","0.4337133","0","0.4965285","0.3788365","0","0.1906857","0.4700909","0.2218513","0.487179","0.3186622","0.3763683","0","0.302807","0.5533321","0.3425724","0.8051548","0.4621117","0.6138551","0.2736558","0.7434692","0.4688797","0.5148317","0.5741083","0.4059041","0.1999617","0.8752209","0.4403484","0.01807674","0.7762049","0.05561994","0.3227294","0.1198369","0.6381929","0.5345023","0.5338821","0.4090456","0.5585802","0.4105521","0.3577655","0.4873169","0","0.1471752","0.5186689","0.1492615","0.7276471","0.5646386","0.6910924","0.5824481","0.4924738","0.5613158","0.3564023","0.4895419","0.6751312","0.3930902","0.6021563","0.330389","0.5558002","0.1747676","0.5485633","0.2919167","0.8772227","0","0.1964427","0.4524834","0.6874994","0.3693298","0.6716828","0.2710788","0.4885517","0.4525354","0.2560146","0.2309787","0.4729596","0.3764589","0.4488489","0.7823592","0.2120551","0.46304","0.5344801","0.5405661","0.511334","0.3816471","0.7385615","0.2692655","0.3780075","0.003022192","0.1890275","0.348841","0.6585325","15577"
"0.06114047","0.1190808","0","0.3919642","0","0.2829332","0.1168353","0.01458814","0.08216196","0","0.2128965","0.2975724","0.2743987","0.1659063","0.0605306","0.3044032","0.2540099","0.1443347","0.1414358","0.0409557","0.1173057","0.2650756","0.6806605","0.4478745","0.7765236","0.3671157","0.7310822","0.262477","0.5828094","0.1875751","0.6260343","0.4693187","0.1988203","0.7568124","0.4551726","0.4736915","0.4649794","0.3344586","0.2375497","0.5036769","0.1904733","0.5955967","0.4625099","0.1482716","0.1134832","0.4690773","0.1536117","0.2090786","0.3519537","0.4198177","0.1570783","0.1224103","0.5304206","0.3959298","0.8016652","0.4495363","0.5701761","0.3251464","0.7323498","0.4923292","0.4952169","0.5516467","0.3829833","0.1468749","0.871126","0.3923049","0.2159496","0.732676","0.3068144","0.5356652","0.2275312","0.6225693","0.4643451","0.5625338","0.4140595","0.5281477","0.2791963","0.3454261","0.5024176","0.003093275","0.09481254","0.3775689","0.01571501","0.7503485","0.5553104","0.6974476","0.635262","0.352201","0.33523","0.2899832","0.4387683","0.7136741","0.4871218","0.4757006","0.08711245","0.2182422","0.0224622","0.3901594","0.06226955","0.8718468","0","0.2028663","0.4977323","0.6902672","0.4353324","0.7199153","0.3800544","0.4791003","0.4466696","0.3390092","0.227879","0.3819766","0.379478","0.3406009","0.7834613","0.09303309","0.5081018","0.5391133","0.4080166","0.5625591","0.3008158","0.6846473","0.2448225","0.3761743","0","0","0.3143443","0.6707109","20252"
"0.5565821","0.2081815","0.3919642","0","0.1990905","0.06471647","0.01817933","0","0.3042332","0.2471401","0","0.4734678","0.2461304","0.2088267","0.2993107","0","0.5593802","0.053006","0.312272","0.5244566","0.1343994","0.5062547","0.540017","0.1204153","0.689364","0.2050593","0.5715327","0","0.4480028","0.2494105","0.5270905","0.3922126","0","0.6579531","0.2260122","0.3454915","0.2655272","0.2062841","0.06983139","0.1858971","0.01609555","0.2480874","0.01439083","0.03570407","0.08592818","0.2590248","0.146648","0.5189069","0.1769694","0.08934649","0.3222297","0.283871","0.4240003","0.07217265","0.7625609","0.349981","0.4792491","0","0.6902826","0.2001279","0.3232104","0.4257946","0.2474915","0","0.8651276","0.2353669","0","0.7513089","0","0.1689815","0","0.4607691","0.3606696","0.3507844","0.1593828","0.3910578","0.3053797","0.2739661","0.2143529","0","0.07011104","0.435987","0.3282179","0.6281234","0.3898558","0.5618656","0.4262681","0.3791365","0.5588928","0.2666316","0.3300788","0.5653158","0.2689527","0.5501349","0.3712969","0.6466642","0.2379573","0.5548379","0.2939152","0.8647562","0.08024795","0.007969492","0.2379466","0.5732019","0.1578068","0.5604588","0.006339292","0.2572452","0.2348413","0","0.04155056","0.4028987","0.1777961","0.3519538","0.7152155","0.1683324","0.2476754","0.3453042","0.5134227","0.2731608","0.2808773","0.6988158","0.1298825","0.06742292","0.1163123","0.6496625","0.1994937","0.5372138","12783"
"0.0839385","0","0","0.1990905","0","0","0","0","0","0","0.09442081","0.1863252","0.1265954","0.08265044","0.04404181","0.08534908","0.05099687","0","0.08542598","0","0","0.1812989","0.5278463","0.30489","0.6498394","0.2143018","0.6053536","0.1022652","0.4674624","0","0.4897546","0.2061776","0","0.5858717","0.2444586","0.2120995","0.3422914","0.2307212","0.1327203","0.3438867","0","0.4165129","0.2321852","0","0","0.3380367","0","0","0.2037879","0.2531835","0","0.03845788","0.3921245","0.2381216","0.6807261","0.3277307","0.3914835","0.151254","0.5970915","0.3383345","0.3661285","0.3861484","0.1940304","0","0.7741692","0.199934","0","0.5657863","0.094773","0.2516589","0.08178537","0.4813832","0.3105646","0.3993238","0.2598919","0.3236869","0.1494235","0.1443702","0.3329886","0","0.01058341","0.1683691","0","0.6311004","0.3231052","0.5992121","0.4045423","0.08583167","0.1603421","0.1224539","0.2287652","0.6247899","0.2636801","0.357258","0","0.1925139","0","0.1747282","0","0.7696656","0","0.06353413","0.2794786","0.4888421","0.3365293","0.5616878","0.2243479","0.3289847","0.3727927","0.2039581","0.1013048","0.210776","0.2682418","0.2431304","0.629147","0","0.3902394","0.450225","0.2940613","0.3573659","0.2192418","0.5033504","0.1244359","0.092103","0","0","0.07726556","0.5743284","20967"
"0.5726022","0.1965945","0.2829332","0.06471647","0","0","0","0","0.01418708","0.1211187","0","0.4350965","0","0.2644229","0.2169616","0.1165202","0.4605901","0","0.312593","0.6651876","0.01885068","0.5429344","0.4561513","0.1147967","0.686426","0.09395955","0.5785736","0","0.4291986","0.3944947","0.4325262","0.07246357","0","0.7684981","0.174603","0.1914237","0.2173648","0.2749797","0.04784652","0.184185","0","0.1630475","0.2102615","0.2380722","0.03558047","0.2710358","0","0.4702484","0.1973606","0.1520213","0.4702485","0.1526291","0.4175286","0","0.7368904","0.4772438","0.4446522","0","0.6251769","0.3450296","0.3107207","0.2743797","0.1926992","0","0.8718726","0.3019027","0.004720344","0.8323201","0.04695539","0.6334399","0.0492284","0.5086545","0.2903223","0.1596929","0.2392368","0.3670607","0.2026063","0.1296414","0.2499994","0","0","0.526569","0.3453169","0.5270549","0.09970084","0.5657267","0.1152072","0.3976133","0.7353449","0.1855419","0","0.4801672","0","0.6498348","0","0.6601547","0.1970985","0.7435314","0.08040172","0.9030213","0.1632648","0","0.01292833","0.4317542","0.07287565","0.482693","0","0.1468304","0.1278826","0.01353894","0","0.3311631","0.06073261","0.2967536","0.7310148","0","0.1425646","0.3374171","0.5477499","0.1144748","0.1881659","0.7111409","0.1017973","0","0.2715657","0.676814","0.2139035","0.4079102","24828"
"0.3580243","0","0.1168353","0.01817933","0","0","0","0","0.0557238","0","0","0.3634541","0.04283213","0.1679901","0.1946052","0","0.2462206","0","0.2296247","0.1911686","0.016239","0.4019205","0.5109798","0.2066782","0.6575772","0.1983642","0.5846365","0","0.4721686","0.02972677","0.4981038","0.2105263","0","0.610925","0.2272945","0.2301886","0.3015352","0.2523994","0.1061905","0.259368","0","0.276909","0.1526772","0","0.003022644","0.3207725","0","0.2238473","0.1980905","0.1935726","0","0.1575515","0.4215064","0.1321972","0.7027642","0.39041","0.4342512","0.06443218","0.6228168","0.3211472","0.3640724","0.3771436","0.2176779","0","0.8054133","0.2423624","0","0.6663439","0","0.1838242","0.0001974095","0.5002394","0.3451775","0.3220091","0.2453676","0.353129","0.2294385","0.1793433","0.2956925","0","0.02153513","0.3214393","0.1762167","0.5904285","0.278706","0.5906291","0.2892938","0.2106594","0.402825","0.1912184","0.2051696","0.5617289","0.07881418","0.5213448","0.0682311","0.5014671","0.09662692","0.4080002","0.07678654","0.806614","0","0","0.1955355","0.4680716","0.2185434","0.5107483","0.09638833","0.2836879","0.2988411","0.08454978","0.0572619","0.3083208","0.2058162","0.3205621","0.6399804","0","0.2919166","0.4149677","0.4495644","0.2609967","0.2565075","0.5963979","0.1354241","0.02000025","0","0.215909","0.1416569","0.523258","16578"
"0.3388083","0","0.01458814","0","0","0","0","0","0","0","0","0.207212","0","0.04041424","0.04314649","0","0.05920049","0","0.0901747","0.2499997","0","0.2823661","0.4160579","0.07176633","0.605543","0","0.5246477","0","0.3579149","0","0.3765743","0","0","0.560209","0.004332714","0","0.1533055","0.1216577","0","0.1212959","0","0.1892327","0.008264259","0","0","0.1791079","0","0","0.0347454","0.0419457","0","0","0.2844061","0","0.6255994","0.2928404","0.2784309","0","0.5008593","0.2017455","0.2231966","0.1883855","0","0","0.753513","0.06047513","0","0.577092","0","0.1428575","0","0.4065415","0.1813127","0.1367218","0.0934767","0.1590506","0.03177833","0","0.1531509","0","0","0.1299212","0.07273313","0.5181901","0","0.52039","0.08695606","0","0.2835829","0","0","0.4907191","0","0.439002","0","0.4281124","0","0.2476492","0","0.7683952","0","0","0","0.2835816","0.1034553","0.3942009","0","0.1219806","0.1594371","0","0","0.08805489","0.04390817","0.1575955","0.5851058","0","0.1638664","0.3045522","0.3315163","0.06652335","0.08940403","0.4545449","0","0","0","0.1615716","0","0.4257685","16710"
"0.3861709","0.2415045","0.08216196","0.3042332","0","0.01418708","0.0557238","0","0","0.02919542","0.1210905","0.1733183","0.02171808","0.2595234","0.1075629","0.2617115","0","0.04491514","0.2387563","0.3377934","0.003382936","0.2947925","0.5510366","0.3839858","0.706025","0.279183","0.6630857","0.1863998","0.5035773","0.3816769","0.5038906","0.2044055","0","0.6686062","0.3561512","0.2664773","0.4099473","0.3394629","0.1647891","0.440926","0.09289045","0.4912212","0.3618634","0.228046","0.04493807","0.3857997","0","0","0.363796","0.3226773","0.3165743","0.04314185","0.4871597","0.2804066","0.7630832","0.459556","0.456133","0.2173887","0.6989171","0.4049447","0.3976828","0.4475432","0.3442705","0.05765361","0.8503353","0.2663437","0.1819138","0.6921459","0.2682828","0.5347425","0.1946397","0.5159512","0.2561478","0.4736586","0.3157374","0.4242396","0.09936883","0.3789162","0.3738529","0.02563001","0.04279175","0.2437722","0.2159682","0.6784786","0.4007435","0.6400604","0.5067994","0.1164238","0.1837041","0.2902028","0.222894","0.6670449","0.3055391","0.4352006","0","0.2673756","0.0839418","0.3953635","0","0.8448515","0.139494","0.049894","0.4355722","0.5807656","0.3496264","0.6758804","0.315789","0.3082417","0.2843821","0.234585","0.1201902","0.3597327","0.2733607","0.2665229","0.6954988","0","0.4112519","0.4602857","0.4053938","0.4557419","0.2500764","0.6204751","0.219299","0.1559845","0","0.2934158","0.2949815","0.5913094","20241"
"0.100081","0.006570002","0","0.2471401","0","0.1211187","0","0","0.02919542","0","0.1052132","0.2517158","0.1901142","0.08265658","0.04488422","0.141419","0.2048596","0.02828038","0.08991027","0.007678756","0.01220972","0.2316183","0.6126388","0.3406268","0.7261356","0.2618047","0.670885","0.1301379","0.5145165","0.02935996","0.5599446","0.3509456","0.03820822","0.6943852","0.3311803","0.3494315","0.3750053","0.2449681","0.1421344","0.3954507","0","0.494228","0.3232767","0","0","0.378964","0.04770892","0.1414341","0.2392785","0.3033241","0","0.06589236","0.4485728","0.2817864","0.7539992","0.3651282","0.4851561","0.1963892","0.6714923","0.3907236","0.4124603","0.4610052","0.2624985","0","0.8387203","0.2784652","0.03933727","0.6764982","0.1472857","0.3874593","0.09383077","0.5515277","0.3825323","0.4631526","0.3064881","0.4237462","0.1999812","0.2132242","0.3997542","0","0.01468462","0.2819117","0","0.6937335","0.4399563","0.6430722","0.5269694","0.2320421","0.2806808","0.1785076","0.3287727","0.6577417","0.3695921","0.4247467","0.02749901","0.2638944","0","0.3045657","0","0.8398341","0","0.09473199","0.363299","0.6043011","0.3519051","0.6414567","0.258982","0.3872611","0.3824248","0.2217873","0.122172","0.2856148","0.2927979","0.2767076","0.7290382","0","0.4222604","0.4720609","0.3534533","0.4471748","0.2372962","0.6183865","0.1451556","0.2172997","0","0.003598884","0.1680548","0.6126153","10143"
"0.3795701","0.1476114","0.2128965","0","0.09442081","0","0","0","0.1210905","0.1052132","0","0.1515933","0.107859","0.07696733","0.1598048","0","0.1394319","0.0262275","0.1311542","0.2763448","0","0.1967802","0.2388846","0.0316036","0.4062393","0","0.3237593","0","0.2114801","0.02991571","0.2393735","0","0","0.2844637","0","0","0.1090859","0.06854037","0","0.05173606","0","0.115835","0","0","0","0.06338256","0","0.02117491","0.0249553","0","0.09398812","0.06370826","0.1655997","0","0.5047563","0.1356226","0.1194299","0","0.4175287","0.009374949","0.09570943","0.1344503","0","0","0.6620589","0","0","0.3773826","0","0","0","0.158916","0.06352932","0.1405906","0","0.02326166","0.04780581","0","0","0","0","0","0.1659883","0.4158004","0.006907904","0.3498356","0.1215499","0","0.1126946","0","0","0.4490398","0.1035095","0.212409","0.03719552","0.3466496","0.051548","0.074079","0","0.6411128","0","0","0","0.1986576","0.1075506","0.3248435","0","0.03876821","0.1207538","0","0","0.06548122","0.05010384","0.1207791","0.3901387","0","0.1344527","0.1916171","0.2048642","0.03395414","0.1129907","0.3009832","0","0","0","0.3284633","0","0.3810468","10495"
"0.5213491","0.5004302","0.2975724","0.4734678","0.1863252","0.4350965","0.3634541","0.207212","0.1733183","0.2517158","0.1515933","0","0.2901119","0.1838875","0","0.4039559","0.1882052","0.3222478","0.09309246","0.6435666","0.09341559","0.01447461","0.5615565","0.3368311","0.719259","0.0907585","0.6611775","0.2488801","0.3417713","0.5373029","0.395424","0.2064965","0.171354","0.717156","0.2361774","0.1667657","0.2675283","0.1899952","0.06958141","0.4019154","0.5556693","0.5870013","0.4187234","0.4217553","0","0.2359496","0.09469183","0","0.248077","0.2746099","0.6609385","0","0.3089271","0.2455854","0.7560999","0.3183243","0.2962697","0.1934372","0.6372369","0.3264395","0.2245694","0.3064422","0.1519458","0","0.8654424","0.1120456","0.3857964","0.6280659","0.4914341","0.6902033","0.2817751","0.4047961","0.1196771","0.415498","0.2142566","0.2769653","0","0.195224","0.3141745","0.1195965","0","0","0.2497151","0.7009903","0.3672353","0.560803","0.6270027","0","0","0.04615223","0.1529211","0.6471018","0.5465818","0.1071378","0","0.166559","0.05935923","0.1013767","0","0.8688981","0.3759017","0.05362462","0.3566756","0.6134766","0.3058503","0.7024703","0.3109106","0.2390734","0.1931381","0.2612929","0.06860639","0.07002703","0.145131","0","0.762091","0","0.3566604","0.3135301","0.1019196","0.4692274","0","0.5049855","0.05634505","0.1635809","0.02054571","0.6454347","0.1099483","0.5402108","14576"
"0.5204404","0.2966441","0.2743987","0.2461304","0.1265954","0","0.04283213","0","0.02171808","0.1901142","0.107859","0.2901119","0","0.3580166","0.271033","0.2302496","0","0.02568489","0.3665034","0.4300237","0.09960459","0.4214134","0.3954972","0.3191704","0.598009","0.2573941","0.5642528","0.1453626","0.4632094","0.4057905","0.4114915","0.0005407582","0","0.5289418","0.2863756","0.1232197","0.3768155","0.3829454","0.1985086","0.3647671","0","0.3200752","0.264985","0.2727748","0.1263692","0.3579407","0","0.02952126","0.3733591","0.2747739","0.2972873","0.1771345","0.4696897","0.1922292","0.6927226","0.4891054","0.3864517","0.1669525","0.6441842","0.372913","0.3658536","0.3662228","0.3355331","0.07817426","0.7987343","0.2539552","0.161067","0.6425107","0.2213262","0.4395298","0.2239854","0.4474925","0.2182572","0.3604626","0.3008466","0.3537359","0.1700665","0.3883178","0.2966695","0.1089569","0.1216424","0.2694609","0.3703609","0.5549676","0.2215327","0.5839947","0.2545282","0.08874792","0.2805686","0.3288698","0.08180287","0.5887091","0.02773677","0.4945083","0","0.4499379","0.2398505","0.4395298","0.09646917","0.7843792","0.2209681","0.004455095","0.3370162","0.4047235","0.2676239","0.5707256","0.2457459","0.2146004","0.2182409","0.2074578","0.1329107","0.3865006","0.2249709","0.3264402","0.5373877","0","0.3152475","0.4246598","0.4715163","0.3022504","0.2979365","0.561116","0.2612556","0","0","0.391696","0.3006103","0.4971828","21737"
"0.244442","0.1990541","0.1659063","0.2088267","0.08265044","0.2644229","0.1679901","0.04041424","0.2595234","0.08265658","0.07696733","0.1838875","0.3580166","0","0.03679383","0.02776727","0.3538165","0.214651","0","0.270517","0.07709517","0.05269991","0.5285268","0.1850536","0.6293735","0.07565488","0.5495893","0.07210167","0.3293818","0","0.4461514","0.296455","0.09719636","0.5712337","0.09740618","0.2016803","0.1825347","0","0.02324352","0.221731","0.2111859","0.4363969","0.1276992","0","0","0.1717223","0.1775323","0.1738516","0","0.1217507","0.1989661","0.06049484","0.1899706","0.1760601","0.6445085","0.01735393","0.2930147","0.07084198","0.5095023","0.1528288","0.2195648","0.3058797","0","0","0.7619806","0.06457002","0.006545366","0.459015","0.16067","0.1690109","0.04386864","0.3622873","0.2900997","0.3472589","0.1005599","0.1882065","0.1633841","0","0.227978","0","0","0.05751245","0","0.6343649","0.3261343","0.4917902","0.4901384","0.07514322","0.1705776","0","0.2715799","0.5889238","0.446338","0.1436154","0.1662697","0.3038818","0","0","0","0.7630551","0","0.09055628","0.1548178","0.5053437","0.2716325","0.5306469","0.1372372","0.2918066","0.3253966","0.1398162","0.04761833","0","0.1818009","0.1071203","0.659521","0.1309095","0.3287134","0.3068607","0.07711484","0.3276803","0.0766317","0.4137762","0","0.09423248","0","0.336397","0","0.5454463","25917"
"0.1986842","0.2551831","0.0605306","0.2993107","0.04404181","0.2169616","0.1946052","0.04314649","0.1075629","0.04488422","0.1598048","0","0.271033","0.03679383","0","0.1831273","0.07465915","0.2188245","0","0.2362631","0.03607206","0","0.4954861","0.3277562","0.6165191","0.1469329","0.5749141","0.1961069","0.3596554","0.1440063","0.4083571","0.1967081","0.09655618","0.5531627","0.1925188","0.1522772","0.2992429","0.137797","0.0955396","0.3596394","0.231029","0.4903601","0.2514667","0.1249384","0","0.249747","0.09197617","0","0.1667899","0.2262034","0.2687331","0","0.2757508","0.2667392","0.6543346","0.1895546","0.2762666","0.1725387","0.5494629","0.2516234","0.2583688","0.328772","0.101904","0","0.7623145","0.0909201","0.144456","0.437098","0.2663616","0.3732375","0.1638405","0.3613832","0.1919961","0.4260423","0.1810412","0.2262467","0.04569532","0.07453733","0.2742941","0.02676443","0.008175282","0","0.01282083","0.644024","0.3333826","0.5290453","0.510668","0","0","0","0.2159675","0.6481765","0.4383834","0.07285795","0","0","0","0","0","0.7531903","0.0342891","0.1182938","0.3199819","0.5041014","0.375297","0.6031192","0.2908846","0.2796015","0.3216515","0.235005","0.09623264","0.03193474","0.2427281","0.06276552","0.6266991","0.01202405","0.4083447","0.3699056","0.04443413","0.4055597","0.08407642","0.3716882","0.05407335","0.1143876","0","0.2059822","0","0.5730044","19262"
"0.4831671","0.1371468","0.3044032","0","0.08534908","0.1165202","0","0","0.2617115","0.141419","0","0.4039559","0.2302496","0.02776727","0.1831273","0","0.5680724","0.02670551","0.1452535","0.5181403","0.05275764","0.4038299","0.4998758","0","0.6520895","0.02358993","0.5084481","0","0.3331008","0","0.4444912","0.2920983","0","0.6558651","0.02949577","0.2189444","0.1030874","0.03267324","0","0.03683632","0.0405519","0.2066697","0","0","0","0.1239069","0.07314853","0.468001","0","0","0.2663772","0.1642526","0.2534571","0","0.6913088","0.1757437","0.3625781","0","0.5602985","0.0760698","0.2003488","0.264333","0","0","0.8300075","0.1061252","0","0.698268","0","0.03517306","0","0.388722","0.3157003","0.1821363","0.03239039","0.2310412","0.2297101","0","0.1199254","0","0","0.3391882","0.1892514","0.564844","0.2224533","0.4749738","0.3320701","0.2890872","0.5597069","0.001727208","0.1925995","0.472966","0.2460414","0.4776031","0.2373499","0.6203359","0.09382636","0.4439519","0.1151029","0.8471642","0","0","0","0.4766992","0.07528331","0.4300888","0","0.1866343","0.200019","0","0","0.1732139","0.06155834","0.219782","0.7089673","0.04806639","0.1486822","0.2440015","0.3848992","0.1267653","0.1298321","0.61157","0","0","0.001592304","0.6090305","0","0.4471818","30013"
"0.5883245","0.4984169","0.2540099","0.5593802","0.05099687","0.4605901","0.2462206","0.05920049","0","0.2048596","0.1394319","0.1882052","0","0.3538165","0.07465915","0.5680724","0","0.1705004","0.2978619","0.8213101","0.1275518","0.4378697","0.612638","0.3619016","0.7963931","0.1823835","0.7274038","0.2395735","0.4872425","0.6936881","0.4734544","0.2036077","0.04285789","0.9223296","0.3819378","0.3906246","0.3390794","0.3770143","0.16764","0.4369783","0.6890235","0.5700199","0.6133611","0.5928154","0.1661439","0.3922103","0","0.0454534","0.3590491","0.4071638","0.8734932","0.005103739","0.4895538","0.2341328","0.8187011","0.5698292","0.5203704","0.2399286","0.7012055","0.5436105","0.3923347","0.3603166","0.3257327","0","0.9312995","0.4521775","0.5224622","0.9225623","0.5667834","0.9483173","0.3620129","0.6090344","0.2903449","0.354062","0.4212704","0.5110405","0.09608071","0.2706425","0.4726831","0.07713544","0.02176871","0.5839406","0.3798873","0.6861124","0.3265491","0.6513722","0.5533642","0.5325102","0.7948715","0.254393","0.05860792","0.622746","0.3612837","0.6105646","0","0.4081105","0.2021766","0.8983046","0","0.9654993","0.5131921","0","0.2755139","0.6609481","0.2784889","0.7001283","0.296498","0.2958416","0.2036791","0.3257891","0.1178906","0.3545705","0.1580903","0.2111271","0.8794921","0","0.335673","0.4236014","0.4994085","0.4350242","0.1313736","0.7877861","0.1918521","0.2511326","0.7391298","0.8458","0.4109353","0.5082638","16787"
"0.3751894","0.0364441","0.1443347","0.053006","0","0","0","0","0.04491514","0.02828038","0.0262275","0.3222478","0.02568489","0.214651","0.2188245","0.02670551","0.1705004","0","0.2626744","0.209821","0.02683468","0.3795898","0.4775836","0.2519687","0.6315185","0.2396376","0.5694493","0.01987458","0.4718011","0.1349774","0.4813507","0.1907228","0","0.5671559","0.2568138","0.2192433","0.3434567","0.2869729","0.1345487","0.3005962","0","0.2863566","0.1637269","0.01702118","0.03385431","0.331586","0","0.1745093","0.2612869","0.2079226","0","0.1637753","0.4393687","0.1665608","0.7012135","0.3991539","0.4207277","0.09899921","0.6401028","0.3098641","0.3649147","0.3993388","0.2693809","0.003030944","0.8013461","0.2269345","0","0.647653","0","0.2258122","0.04714693","0.4662437","0.2953413","0.3699586","0.2441656","0.3568084","0.2020978","0.2800671","0.2822871","0","0.05667035","0.2869857","0.2140259","0.5877999","0.3033274","0.5860423","0.3079137","0.1746501","0.3276885","0.2504667","0.2130571","0.5867627","0.08261716","0.475486","0.06853171","0.4478227","0.125649","0.390432","0.09606889","0.7931351","0","0.009843502","0.2867425","0.4684734","0.2550777","0.5397204","0.1523767","0.2682218","0.2899023","0.1078016","0.08313728","0.3438371","0.238141","0.3253386","0.60255","0","0.3217027","0.4247028","0.4378708","0.2965667","0.2894834","0.5858252","0.182395","0.03361956","0","0.2379833","0.1966399","0.5390046","20615"
"0.2314265","0.2737019","0.1414358","0.312272","0.08542598","0.312593","0.2296247","0.0901747","0.2387563","0.08991027","0.1311542","0.09309246","0.3665034","0","0","0.1452535","0.2978619","0.2626744","0","0.3071659","0.0855269","0","0.5462988","0.2569671","0.648931","0.09226756","0.5855556","0.1528899","0.3397328","0.01789484","0.4450569","0.2906175","0.1421596","0.5972683","0.1423982","0.2049976","0.2204274","0.02173609","0.05270959","0.2956175","0.2950715","0.499202","0.2237591","0.08045115","0","0.2045211","0.1790601","0.07273698","0.02893988","0.1881845","0.2959344","0.005154414","0.2068037","0.2298593","0.6601368","0.06531516","0.2911717","0.1331339","0.5237925","0.2171904","0.2352848","0.3156242","0","0","0.7726293","0.08167643","0.118846","0.443769","0.2688651","0.3244391","0.1302059","0.380988","0.2768126","0.3863012","0.1485921","0.2064585","0.1268115","0","0.2742928","0","0","0","0","0.6594986","0.3490907","0.5165667","0.5339182","0.0272828","0.06297558","0","0.268599","0.6208318","0.487999","0.06078591","0.1027946","0.1705106","0","0","0","0.7732115","0","0.1156689","0.2249271","0.5309792","0.3187166","0.5822095","0.2193106","0.3111981","0.3352854","0.2128641","0.07765518","0","0.2021648","0.05788056","0.6771731","0.1169167","0.3696527","0.3301569","0","0.3847318","0.04374267","0.3901699","0","0.1367161","0","0.3263383","0","0.5626875","29107"
"0.05084389","0.01163752","0.0409557","0.5244566","0","0.6651876","0.1911686","0.2499997","0.3377934","0.007678756","0.2763448","0.6435666","0.4300237","0.270517","0.2362631","0.5181403","0.8213101","0.209821","0.3071659","0","0.3629614","0.6052127","0.8266662","0.501592","0.8921985","0.5017266","0.8310405","0.3300837","0.6975533","0.3004663","0.7669772","0.7811719","0.4673408","0.9407703","0.6590681","0.7912104","0.5345401","0.4340321","0.3476568","0.5816152","0.5384604","0.6970967","0.7047886","0.2996254","0.4120707","0.5944629","0.3955263","0.8202166","0.4411645","0.5696619","0.2551152","0.3842863","0.6673446","0.484404","0.9030386","0.598718","0.7836511","0.4589498","0.8398963","0.6606683","0.6336429","0.6928666","0.5686515","0.4018499","0.9562639","0.6898213","0.4354289","0.9384369","0.4341585","0.8448805","0.321687","0.7867149","0.7034218","0.6395631","0.5927456","0.7604534","0.5587238","0.4823704","0.6801746","0.06002749","0.2145199","0.8090946","0.1351825","0.8259118","0.7466212","0.7772536","0.7922603","0.8335176","0.8792995","0.4901094","0.6557943","0.7378723","0.6272451","0.7554538","0.47933","0.64992","0.2523895","0.8678409","0.4577369","0.9694441","0.06133213","0.307856","0.5938163","0.8606563","0.4551847","0.8084581","0.4202388","0.6362562","0.5371339","0.4292927","0.3583558","0.6184099","0.4535882","0.5272892","0.9339294","0.3911981","0.5563801","0.6145244","0.6645014","0.6912964","0.4198704","0.9000116","0.3659816","0.6869187","0.5912804","0.2551152","0.6093912","0.7211267","21198"
"0.3787631","0.1937013","0.1173057","0.1343994","0","0.01885068","0.016239","0","0.003382936","0.01220972","0","0.09341559","0.09960459","0.07709517","0.03607206","0.05275764","0.1275518","0.02683468","0.0855269","0.3629614","0","0.1734803","0.4913113","0.2203504","0.6616668","0.09848467","0.5893314","0.01797007","0.3747569","0.233137","0.4203265","0.1437864","0","0.6191489","0.1589263","0.1249729","0.2511361","0.1428997","0","0.2806154","0.09401829","0.4027751","0.1607602","0.05522273","0","0.2108258","0","0","0.1604991","0.1235503","0.3027998","0","0.3316856","0.1233002","0.7199752","0.2708328","0.3276606","0.02517534","0.6254891","0.2011376","0.2372449","0.3216566","0.1285909","0","0.8310093","0.05275752","0","0.629629","0.1266707","0.4052391","0.007960097","0.3867776","0.1328672","0.3534014","0.105412","0.2600062","0","0.1565251","0.1992751","0","0","0.07247278","0.1073963","0.6342285","0.2895266","0.5481366","0.4550499","0","0.1141619","0.07203893","0.1354524","0.6019407","0.3095173","0.2888816","0","0.3043904","0","0.2293233","0","0.8287102","0","0","0.2580438","0.5175629","0.2354155","0.6023233","0.1487435","0.1782844","0.1860676","0.0534779","0","0.172787","0.1389553","0.1202872","0.6748974","0","0.294281","0.3257442","0.2608396","0.3287996","0.1114347","0.5450546","0.02218977","0","0","0.4151229","0.03161312","0.52486","28986"
"0.4195116","0.4800023","0.2650756","0.5062547","0.1812989","0.5429344","0.4019205","0.2823661","0.2947925","0.2316183","0.1967802","0.01447461","0.4214134","0.05269991","0","0.4038299","0.4378697","0.3795898","0","0.6052127","0.1734803","0","0.6461187","0.3495696","0.7555052","0.1261967","0.6909627","0.2758997","0.3794426","0.4250581","0.4953678","0.4213304","0.3005516","0.7616882","0.275177","0.3493379","0.2691991","0.1099475","0.09420265","0.4119489","0.5941858","0.6299057","0.4518567","0.3751256","0.002368127","0.264751","0.2515245","0.1198271","0.1631066","0.3119326","0.6402413","0","0.280374","0.304647","0.7663059","0.2041188","0.3817258","0.2416928","0.6304223","0.3517005","0.2766474","0.3752327","0.101115","0","0.8675313","0.1894905","0.3896969","0.6186905","0.503849","0.6694861","0.285565","0.4750276","0.3170533","0.4592564","0.2532357","0.3330983","0.1234503","0.04076812","0.3897599","0.1060665","0.0203496","0.01294241","0.118016","0.7363845","0.4725268","0.58138","0.6812231","0.1197409","0.02040934","0","0.3309282","0.6654133","0.6183956","0.01455147","0.1159936","0.1334839","0.0001461355","0","0","0.8759396","0.3064047","0.1479866","0.3589028","0.6735591","0.347108","0.7100683","0.3249068","0.3653312","0.3119635","0.3094622","0.1270965","0","0.2067596","0.0006162877","0.8049776","0.1837583","0.4084046","0.3491334","0","0.5185442","0","0.5292285","0.01917692","0.3129383","0.0542329","0.6151437","0.002576651","0.5891711","21033"
"0.7908615","0.6824246","0.6806605","0.540017","0.5278463","0.4561513","0.5109798","0.4160579","0.5510366","0.6126388","0.2388846","0.5615565","0.3954972","0.5285268","0.4954861","0.4998758","0.612638","0.4775836","0.5462988","0.8266662","0.4913113","0.6461187","0","0.1127993","0.04753766","0.07678707","0.1018866","0.2687599","0.1455778","0.6704519","0","0","0.2231457","0","0.04568557","0","0.09610101","0.396051","0.2699318","0.1240964","0.5931304","0.1890276","0.283456","0.6313365","0.3975503","0.1792104","0.3155097","0.5117497","0.326218","0.2352252","0.747597","0.452282","0.2823986","0.01617378","0.3584443","0.5233522","0.08360614","0.1658842","0.3327253","0.3457646","0.156746","0","0.2194063","0.1018027","0.6601854","0.3220108","0.5118949","0.5132863","0.5716124","0.6224254","0.483784","0.1463343","0.3003196","0","0.3176163","0.06974735","0.4372619","0.2837449","0.1564641","0.3966169","0.3118252","0.4201068","0.6533327","0.08143705","0","0.1858777","0","0.2403549","0.6293173","0.316274","0","0.2020011","0.3095437","0.6255281","0.4060375","0.7681306","0.5508849","0.6051448","0.4027875","0.6297867","0.6216002","0.08263702","0","0","0","0.2522456","0.1379643","0.04962523","0.01903875","0.329994","0.2435968","0.3529917","0","0.3548864","0","0.2668809","0","0.08863076","0.5699481","0","0.2252716","0.3277589","0.274279","0","0.5873707","0.8144985","0.3069041","0","18596"
"0.5704636","0.3712245","0.4478745","0.1204153","0.30489","0.1147967","0.2066782","0.07176633","0.3839858","0.3406268","0.0316036","0.3368311","0.3191704","0.1850536","0.3277562","0","0.3619016","0.2519687","0.2569671","0.501592","0.2203504","0.3495696","0.1127993","0","0.1815702","0","0.0449682","0","0.05224509","0.1036433","0.1315234","0","0","0.02016054","0","0","0","0.05406622","0.04453341","0","0.1164424","0","0","0.1546691","0.03542291","0","0.1592289","0.2143495","0","0","0.275474","0.2466757","0.00396827","0","0.2398702","0.1017942","0","0","0.1352007","0","0.003487028","0","0","0","0.4579046","0","0.01537192","0.1666417","0.1303174","0","0.1265799","0.02360649","0.1817175","0","0","0","0.2407779","0","0","0.118713","0.1173188","0.06599673","0.3616385","0.216322","0","0.1000897","0","0","0.2855964","0","0","0.2032785","0.1793864","0.3076296","0.2290004","0.5577391","0.2498651","0.08675629","0.1249915","0.4366917","0.1452492","0","0","0","0","0","0","0.03424952","0.1221866","0.04069532","0.03419076","0.005028501","0","0.1805213","0.2145313","0.1112073","0","0.0157163","0.2609816","0","0.1049632","0.1061498","0","0","0.0600083","0.5013294","0","0.1853028","28133"
"0.8482368","0.7737383","0.7765236","0.689364","0.6498394","0.686426","0.6575772","0.605543","0.706025","0.7261356","0.4062393","0.719259","0.598009","0.6293735","0.6165191","0.6520895","0.7963931","0.6315185","0.648931","0.8921985","0.6616668","0.7555052","0.04753766","0.1815702","0","0.2140823","0","0.4264349","0.2167832","0.7505328","0.1386377","0.2982447","0.483785","0","0.2065376","0.2276414","0.1286726","0.4944694","0.4297782","0.1763897","0.7480713","0.3282577","0.4773861","0.7472671","0.5784445","0.310865","0.5408728","0.7303914","0.3991708","0.4094593","0.836309","0.6138979","0.341146","0.174109","0.01520385","0.6092003","0.271477","0.3489062","0.157303","0.510511","0.3061858","0.01847391","0.3271054","0.2987926","0.4747149","0.5410006","0.6666066","0.5329079","0.7054855","0.7200104","0.6261156","0.3220849","0.5699533","0","0.4983377","0.2398467","0.6364481","0.3307575","0.3771687","0.5348546","0.469877","0.6390465","0.7447232","0","0","0.06842723","0.1164288","0.5647206","0.8014594","0.4264312","0.2000538","0","0.5191011","0.7429962","0.6079145","0.8521327","0.678973","0.7349267","0.588294","0.4070073","0.7364057","0.2824873","0","0","0","0.08173376","0.2376481","0.3201093","0.2419098","0.5054836","0.4273218","0.4654203","0.08148401","0.5058074","0","0.5067693","0","0.1380762","0.6769096","0","0.341247","0.3827722","0.4006273","0.2405059","0.7643248","0.8826662","0.4446919","0","18294"
"0.5314774","0.3910058","0.3671157","0.2050593","0.2143018","0.09395955","0.1983642","0","0.279183","0.2618047","0","0.0907585","0.2573941","0.07565488","0.1469329","0.02358993","0.1823835","0.2396376","0.09226756","0.5017266","0.09848467","0.1261967","0.07678707","0","0.2140823","0","0.145423","0","0","0.0919673","0","0","0","0.05350331","0","0","0","0","0","0","0.1374563","0.154314","0","0.1532891","0","0","0.03082181","0","0","0","0.29297","0.04146241","0","0","0.2247311","0","0","0","0.03926027","0","0","0","0","0","0.453182","0","0.03133896","0","0.2039036","0.05424249","0.112635","0","0","0","0","0","0.02514599","0","0","0.03956999","0","0","0.2661562","0.2994539","0","0.07374283","0.03043962","0","0.005558274","0","0","0.3047441","0.2185207","0.02668978","0","0.4152978","0.1021925","0","0","0.43753","0.09856806","0","0","0","0","0.1499394","0","0","0","0.03205927","0","0","0","0","0.2494892","0","0","0","0.0008259163","0","0","0","0","0","0","0.4264048","0","0.1765114","21647"
"0.8076693","0.7086695","0.7310822","0.5715327","0.6053536","0.5785736","0.5846365","0.5246477","0.6630857","0.670885","0.3237593","0.6611775","0.5642528","0.5495893","0.5749141","0.5084481","0.7274038","0.5694493","0.5855556","0.8310405","0.5893314","0.6909627","0.1018866","0.0449682","0","0.145423","0","0.3208415","0.1566656","0.6461831","0.1801652","0.2742795","0.3949619","0","0.06415961","0.150876","0.03915836","0.3928887","0.3480886","0.01261695","0.6391033","0.187636","0.2673843","0.6405456","0.4845541","0.2021671","0.493957","0.651253","0.2807913","0.2680462","0.7467681","0.5628428","0.2384328","0.0800403","0.08829263","0.492902","0.2037483","0.2353829","0.1287119","0.355816","0.2197545","0.012906","0.2086182","0.2055454","0.4729295","0.411041","0.5366221","0.4296533","0.5916138","0.5042741","0.528162","0.210627","0.4989369","0","0.3717876","0.116941","0.573523","0.2233931","0.23668","0.4692684","0.4104979","0.5229624","0.6854518","0.02977079","0","0.006496192","0.06811602","0.4459604","0.7035351","0.3372659","0.2062518","0","0.4642489","0.6622344","0.5760189","0.809771","0.6127899","0.608134","0.5304873","0.4296533","0.6405244","0.2381493","0","0","0","0","0.1110404","0.2555366","0.2225374","0.3976652","0.3493067","0.3822393","0.04953439","0.4537366","0.1358021","0.4717239","0","0.07394944","0.6040943","0","0.3069202","0.3350717","0.317134","0.1138389","0.6431457","0.8293274","0.2943795","0","27798"
"0.4347421","0.1434687","0.262477","0","0.1022652","0","0","0","0.1863998","0.1301379","0","0.2488801","0.1453626","0.07210167","0.1961069","0","0.2395735","0.01987458","0.1528899","0.3300837","0.01797007","0.2758997","0.2687599","0","0.4264349","0","0.3208415","0","0.2261261","0","0.2749099","0","0","0.3036079","0","0","0.0705806","0.05224126","0","0","0","0.05848628","0","0","0","0.05822002","0","0.117418","0","0","0.0556049","0.1151162","0.1611427","0","0.5011273","0.1393009","0.1481463","0","0.4003334","0","0.1085345","0.1274685","0","0","0.6599235","0","0","0.4063882","0","0","0","0.197313","0.1399381","0.08521647","0","0.02593493","0.1207664","0","0","0","0","0.06085937","0.1960812","0.4051457","0","0.3561046","0.06514204","0","0.2220889","0","0.01709479","0.4036735","0.07892609","0.3056723","0.09139958","0.4642648","0.08336789","0.1239259","0.004828765","0.648302","0","0","0","0.1812312","0.05143274","0.2572915","0","0.06087193","0.1413334","0","0","0.06933139","0.02966744","0.1627713","0.4118658","0","0.09112923","0.1857167","0.2622185","0","0.1186671","0.3295614","0","0","0","0.3606517","0","0.3611097","26357"
