"21132","15577","20252","12783","20967","24828","16578","16710","20241","10143","10495","14576","21737","25917","19262","30013","16787","20615","29107","21198","28986","21033","18596","28133","18294","21647","27798","26357","27743","22056","14702","21852","13157","25350","62306","12337","24564","21693","16919","12948","23827","27908","15181","15313","30058","22804","24472","13883","50266","26654","50273","24597","11760","12761","14158","26159","12640","26071","20626","11804","15676","26060","24608","62410","25543","26075","25071","50249","20087","28568","16666","14125","25730","17610","23695","13718","28337","15907","15148","18976","28898","18393","27666","27286","28136","28326","30038","22215","12816","28210","24245","27083","27340","13168","13036","11133","24091","27600","12860","10176","24014","12046","50279","26995","27028","14840","30095","30178","10506","24696","19691","19548","20571","12849","14328","21231","28271","26973","27765","16655","14994","17599","27677","13476","17227","10055","62466","19328",""
"0","0.1899751","0.1369436","0.4711631","0.5334902","0.6405619","0.5645161","0.000714263","0.5932675","0.3921004","0.5320116","0.6111876","0.6081942","0.4052916","0.3222077","0.3743324","0","0.5108346","0.3678276","0.3296836","0.5815051","0.5740849","0.3264787","0.464964","0.6085716","0.05674523","0.7509191","0.6725609","0.6256168","0.2872362","0.4711357","0.2763758","0.6077474","0.5063637","0.4158234","0.5579056","0.6890085","0.4582856","0.4813712","0.05772975","0.4814603","0.2909573","0.4085936","0.5529377","0.2906638","0.1436552","0.3371299","0","0.1472543","0.1987071","0.03828086","0.1118658","0.1157879","0.4022729","0.02508091","0.1869912","0.303613","0.3974572","0.2402608","0.4251603","0.3639463","0.4225376","0.3585631","0.2869058","0.4250993","0.4417497","0.4772032","0.4122117","0.4504881","0.5440597","0.4717101","0.6095784","0.6239997","0.1641138","0.6017243","0.6063145","0.5500881","0.4259884","0.6335047","0.2326918","0.1017335","0","0.5755358","0.184387","0.2953783","0.3516542","0.3276356","0","0.3831584","0.08299398","0.4378782","0.4453272","0.4170887","0.3315619","0.1696002","0.6466285","0.6449265","0.6343104","0.3433789","0.680426","0.2843665","0.4071503","0.4397223","0.6614698","0.3015483","0.08537408","0.5632569","0.4706135","0.3037332","0.4403129","0.6494167","0.05238656","0.7172278","0.5582748","0.6413924","0.5564107","0.5665337","0.5961938","0.4771374","0.6509216","0.5354083","0.3906522","0.4461236","0.4481856","0.483865","0.2943554","0.1530839","0.6521428","21132"
"0.1899751","0","0","0.06678288","0.2458994","0.5041208","0.2570286","0.1016306","0.3099877","0.2882824","0.3838735","0.3519182","0.4959417","0.1294773","0.2153498","0.3548676","0","0.2553658","0.287042","0","0.359398","0.3477747","0.2440218","0.5707055","0.5856897","0.3532781","0.7778637","0.6128313","0.5963138","0.3312981","0.4306565","0.4095889","0.4629649","0.2134163","0.424922","0.5940424","0.6085779","0.0664008","0.09570238","0.02720483","0.1105206","0","0.03023648","0.214598","0.0225565","0.07220314","0","0","0","0.1076525","0.16561","0","0.1471917","0.1221066","0.356135","0.05188389","0","0.2353752","0.5064165","0.04278085","0","0.2954835","0.1225928","0.407185","0.5952645","0.1626539","0.1364383","0.5871979","0.1357586","0.2607015","0.08295247","0.5091424","0.4737911","0","0.410325","0.5443462","0.1830241","0.3584605","0.4941816","0","0","0.3022677","0.4135294","0","0","0","0","0.3956574","0","0.07563398","0.2001572","0.2671094","0","0.1587421","0","0.4939492","0.4774825","0.4992508","0.3453046","0.6776768","0.3219005","0.3728679","0.4904832","0.6891798","0.3346384","0","0.41157","0.2740087","0.09763336","0.1829739","0.5801003","0.112001","0.7440078","0.4730257","0.57526","0.3244735","0.5263262","0.5889218","0.4744588","0.7365743","0.4119193","0.5584842","0.5306271","0.03368873","0.1225028","0.0426808","0.09996108","0.6143358","15577"
"0.1369436","0","0","0.2092693","0.3845186","0.7014627","0.4983321","0.2216688","0.4037809","0.1838566","0.3428252","0.4748885","0.4923399","0.2578444","0.3597084","0.5264818","0.1027318","0.2716694","0.1436428","0.01403979","0.3941704","0.3967127","0.2707134","0.5385685","0.6078151","0.2946521","0.7845935","0.6149632","0.5857702","0.3715308","0.4069762","0.3466183","0.540555","0.3254632","0.4115425","0.6088175","0.6420626","0.2509184","0.2619411","0.0957434","0.4484928","0.05864446","0.2772756","0.4221291","0.2418042","0.190895","0.1045696","0.09812652","0.09350128","0.09093218","0.2404045","0.08544465","0.2558896","0.358235","0.4430031","0","0.04469064","0.2034059","0.4882349","0.290187","0.1189017","0.2348814","0.1493114","0.3332807","0.5811997","0.1808524","0.2753426","0.5756959","0.1826813","0.4373305","0.2041966","0.5059419","0.4810887","0","0.4335055","0.5501553","0.3695189","0.3554614","0.5105162","0.03160526","0.0612211","0.2033509","0.392303","0.02673817","0","0.1145576","0.1925551","0.4568401","0.1611384","0.02000051","0.2038671","0.2288952","0.2703438","0.08579982","0","0.5105066","0.5238015","0.5724326","0.3418563","0.7115257","0.3751271","0.3556898","0.5046035","0.7159863","0.2240393","0","0.4032641","0.411922","0.160112","0.3419026","0.5693733","0.1022351","0.7375776","0.449","0.6151853","0.4353258","0.4984046","0.549387","0.4192445","0.7459166","0.3942116","0.5664056","0.4803243","0.2821116","0.3091274","0.3755457","0.01489822","0.6124027","20252"
"0.4711631","0.06678288","0.2092693","0","0.1698555","0.6961487","0.3273618","0.4775349","0.1061811","0.4093423","0.3517208","0.2925034","0.4868486","0.2001734","0.4259972","0.6344561","0.4852771","0.1857529","0.4000199","0","0.2892474","0.3040345","0.5190192","0.7165759","0.7109989","0.6326688","0.8453021","0.6574712","0.660581","0.5929152","0.5589539","0.6754459","0.5383719","0.1879887","0.6173754","0.7549789","0.6521656","0.09468868","0.05448364","0.3638264","0.2964645","0","0.1515004","0.1034978","0.2793563","0.3708014","0.03581757","0.4252196","0.3015569","0.3244587","0.555608","0.2749725","0.5060191","0.3225304","0.7044823","0.4049249","0","0.3416364","0.7473088","0.1417523","0.003769998","0.3604071","0.2212695","0.6515684","0.7923657","0.08449302","0","0.787136","0.001510962","0.3009232","0","0.5241295","0.449619","0.02518318","0.3633323","0.6315733","0.0636368","0.5440705","0.4675959","0","0.2303839","0.6527731","0.3826807","0.1722248","0","0.08515949","0.1234435","0.7412826","0","0.3254834","0.1677231","0.2359999","0.01168016","0.2386466","0","0.4570261","0.4189963","0.5466967","0.5547725","0.7971391","0.6219723","0.5095745","0.7042237","0.8089997","0.4519959","0.2345434","0.4162869","0.4526336","0.2536189","0.324681","0.6211436","0.4852603","0.8075243","0.5135593","0.6681707","0.379192","0.5992917","0.6563406","0.5844171","0.8547361","0.4417269","0.7737859","0.685922","0.03224244","0","0.4252671","0.4664371","0.6757694","12783"
"0.5334902","0.2458994","0.3845186","0.1698555","0","0.8029627","0.5345789","0.5618564","0.1400019","0.592226","0.4851658","0.4184825","0.5769782","0.04003916","0.4581829","0.7145308","0.7052966","0.3718368","0.5282564","0.2172626","0.4315516","0.4035779","0.7474273","0.8050742","0.825445","0.7230764","0.8879861","0.7366952","0.7600172","0.7474801","0.7054928","0.79147","0.6903538","0.2917731","0.7525011","0.839361","0.755127","0.2854444","0.3157906","0.5421954","0.5428571","0.2559817","0.4067026","0.3377509","0.5396907","0.4708391","0.453401","0.6858907","0.5272994","0.5398005","0.732709","0.4237775","0.643843","0.4756574","0.7716753","0.7042135","0.2969282","0.5965985","0.8323902","0.3350622","0.3119209","0.4583091","0.4847754","0.7635843","0.862092","0.2405062","0.1449597","0.8613498","0.2447937","0.5764247","0.1846648","0.6650711","0.5923877","0.2588831","0.48322","0.7069089","0.2518245","0.7425437","0.5471347","0.2080323","0.3336835","0.7675885","0.4673172","0.3776937","0.3155912","0.4423312","0.4503114","0.8098266","0.1654577","0.4883803","0.168255","0.3162326","0.3116472","0.4228649","0.1663444","0.476683","0.5259441","0.6057476","0.7283881","0.8760382","0.7807348","0.6486945","0.8268733","0.8666998","0.5501166","0.577036","0.548163","0.7217186","0.4615703","0.5346324","0.7086594","0.6891148","0.8579254","0.6368956","0.7791665","0.5518848","0.7063588","0.7541838","0.6758658","0.9048361","0.6169259","0.8611091","0.7836696","0.2882541","0","0.5249031","0.7104995","0.7974773","20967"
"0.6405619","0.5041208","0.7014627","0.6961487","0.8029627","0","0.4768216","0.5002658","0.8198259","0.8252244","0.7042684","0.8801801","0.6737196","0.69755","0.2842742","0.3338288","0.8730381","0.6843705","0.822141","0.6464496","0.7457326","0.8113837","0.8345999","0.8745999","0.8853044","0.7625212","0.9433685","0.8402468","0.8461789","0.8315958","0.7814187","0.8883466","0.7240929","0.7094336","0.8142237","0.8939718","0.8039611","0.5559528","0.4729383","0.5194545","0.6140702","0.6060818","0.3405931","0.7839283","0.3367566","0.3633184","0.6763663","0.8235972","0.5572967","0.6094757","0.8277399","0.4338287","0.5352466","0.09615833","0.6918296","0.9417385","0.452328","0.7892063","0.9166149","0.3986024","0.580015","0.6799471","0.5832647","0.9060845","0.9264209","0.8099497","0.719695","0.9434865","0.7489981","0.8124995","0.6027132","0.8707509","0.8314474","0.4472731","0.7808133","0.8544857","0.6298041","0.9185352","0.8444884","0.3302699","0.4871325","0.8837646","0.7729089","0.4756181","0.7463601","0.6532885","0.1286242","0.7929396","0.7018646","0.5111021","0.7089978","0.7553583","0.5267365","0.6424093","0.4725085","0.846411","0.8349673","0.9336715","0.865544","0.9656759","0.7731598","0.6721818","0.8994633","0.9365174","0.6755026","0.8629187","0.8525897","0.7230132","0.4622311","0.3193265","0.8083868","0.7433197","0.9042464","0.7445216","0.875361","0.8215462","0.7806796","0.8210953","0.7690002","0.9662521","0.7685042","0.9330118","0.8640774","0.6567538","0.8708708","0.5791457","0.9102572","0.9155898","24828"
"0.5645161","0.2570286","0.4983321","0.3273618","0.5345789","0.4768216","0","0.5398472","0.5332572","0.6621412","0.5327767","0.5207756","0.559712","0.4840438","0.3088649","0.5306715","0.6589383","0.3906871","0.6706398","0.3091713","0.467838","0.528755","0.659982","0.8222751","0.7964815","0.7172763","0.9079541","0.7439291","0.767702","0.763328","0.6761039","0.8043488","0.5682837","0.3181663","0.7354685","0.8396265","0.6985699","0.0705132","0.03417262","0.4392053","0","0.2290363","0","0.1548632","0.2363661","0.303845","0.3076678","0.5889401","0.350308","0.4694591","0.7431564","0.3068313","0.4926836","0.06646962","0.71126","0.7960754","0.09245312","0.5983793","0.8635027","0.07203151","0.1925338","0.5411865","0.3627683","0.824228","0.8766965","0.5418802","0.3695932","0.8880687","0.4493358","0.2975659","0.1738773","0.7467464","0.6460399","0.2229429","0.5389863","0.7643393","0.08291465","0.7775153","0.6797483","0.1566123","0.3590134","0.8039227","0.5756929","0.215174","0.3168693","0.320042","0","0.7902","0.1703334","0.4637862","0.4977164","0.5876777","0","0.4278595","0.2125152","0.6585705","0.6336681","0.7718392","0.7698795","0.8909088","0.6866169","0.591836","0.8202459","0.8909088","0.5576432","0.6479037","0.6749282","0.5273793","0.2792591","0.1841274","0.6923083","0.6359918","0.8644941","0.6246593","0.7800764","0.4616187","0.6838593","0.737327","0.6859507","0.9255049","0.6183855","0.8752902","0.7977881","0","0.4222142","0.4678512","0.7085252","0.8305896","16578"
"0.000714263","0.1016306","0.2216688","0.4775349","0.5618564","0.5002658","0.5398472","0","0.6605955","0.5334608","0.5508221","0.7296762","0.5717127","0.3536114","0.1468062","0.0499239","0","0.5499227","0.5248934","0.328466","0.6346283","0.6594124","0.4565001","0.5451277","0.6725071","0.1417441","0.8103899","0.7149012","0.6742819","0.006991233","0.5143775","0.342172","0.5348961","0.4657531","0.3889296","0.4992094","0.7110368","0.470638","0.4490895","0","0.2920428","0.2267563","0.2790919","0.5701882","0.001375287","0.02577029","0.287251","0","0.04365693","0.1565933","0","0","0.005442256","0.1865289","0","0.4278849","0.1821846","0.4591275","0.2603634","0.3060525","0.3297358","0.3769449","0.252415","0.3050149","0.4516581","0.4840734","0.3985509","0.422257","0.4709882","0.4624923","0.4830177","0.6823081","0.7057043","0.05973828","0.6672284","0.5850257","0.5683694","0.3944319","0.6942216","0","0","0.1324557","0.6375033","0.118735","0.1304153","0.3415918","0","0","0.3522499","0","0.3635754","0.4478479","0.287671","0.3825641","0.0005992197","0.7326466","0.6993274","0.5932646","0.2552964","0.668061","0.2512313","0.3634505","0.3875488","0.5937713","0.3986052","0.08477029","0.6506275","0.482648","0.2642775","0.3392217","0.7066458","0","0.7786757","0.5787985","0.6172447","0.5672337","0.6136318","0.6778558","0.5076567","0.6964283","0.5765112","0.341647","0.5552666","0.3143079","0.3887377","0","0.2567192","0.7530801","16710"
"0.5932675","0.3099877","0.4037809","0.1061811","0.1400019","0.8198259","0.5332572","0.6605955","0","0.4814064","0.3303783","0.234462","0.469196","0.3290271","0.5614613","0.7668587","0.7368448","0.1611127","0.445673","0.1199698","0.1973877","0.185343","0.6953626","0.7807375","0.7697133","0.7378407","0.8628294","0.6475334","0.689833","0.7316796","0.6371926","0.7654061","0.5826394","0.1001467","0.7075067","0.81049","0.6703537","0.2982069","0.252177","0.5786783","0.5809749","0.3196977","0.4215697","0.2018978","0.5596895","0.5464842","0.3564895","0.7192793","0.5772289","0.5082929","0.7442649","0.4977761","0.6815363","0.5447331","0.8142515","0.6639681","0.2177468","0.4644812","0.8317469","0.4105014","0.2949981","0.3373791","0.3524019","0.7359487","0.8514235","0","0","0.8499897","0.009060612","0.3816394","0.1006712","0.5051339","0.3823072","0.2121716","0.2611924","0.6158583","0.1913587","0.6403191","0.3288124","0.2183479","0.4350508","0.7746266","0.2786862","0.4325307","0.07217643","0.3973525","0.4197929","0.8418969","0.2032324","0.488375","0","0.2149863","0.3419275","0.320936","0.10803","0.2832178","0.2622334","0.4059523","0.6836386","0.8340087","0.7623954","0.6010734","0.7924827","0.8458506","0.5057333","0.5258606","0.3321746","0.6624075","0.4262897","0.5185393","0.6168131","0.679887","0.8279237","0.5359286","0.6959558","0.380231","0.6345301","0.6931134","0.6226724","0.8905016","0.4838807","0.8488616","0.7501763","0.1986658","0","0.6778544","0.6489272","0.7027474","20241"
"0.3921004","0.2882824","0.1838566","0.4093423","0.592226","0.8252244","0.6621412","0.5334608","0.4814064","0","0.06144647","0.5615142","0.2748779","0.5497151","0.5733295","0.7070993","0.5889908","0.1130711","0","0.1280442","0.2404454","0.333204","0.3043069","0.4688111","0.4227373","0.403703","0.7179095","0.3774042","0.3701239","0.4493304","0.1592098","0.1258705","0.3975867","0.3293768","0.192465","0.4656768","0.4860223","0.4554243","0.3922996","0.3703161","0.684573","0.4021181","0.4852013","0.5706923","0.4788801","0.4494695","0.2827918","0.5769826","0.4582774","0.161987","0.5190898","0.4015958","0.5098621","0.5718499","0.6673986","0.4014889","0.1542993","0","0.5863626","0.5431822","0.3695736","0","0","0.1799519","0.5238231","0.1721114","0.3729361","0.5572016","0.2017341","0.4505047","0.3312032","0.2626941","0.223636","0","0.2511566","0.3015189","0.5146106","0","0.3269865","0.2107369","0.3925276","0.4021925","0.1360156","0.3370297","0.08808294","0.3681743","0.3267395","0.6778699","0.441418","0.03477331","0.1061026","0.2028165","0.5283079","0","0","0.3965848","0.39546","0.5160841","0.3211159","0.606289","0.4258998","0.2052237","0.3694812","0.6731681","0.04002829","0.09033929","0.1389211","0.5196343","0.2939952","0.4830377","0.293662","0.2682661","0.6240806","0.1659918","0.4437643","0.4011701","0.2279288","0.3063932","0.1350045","0.7189812","0.1155938","0.5756141","0.3105964","0.4508982","0.4564162","0.7051034","0","0.3762076","10143"
"0.5320116","0.3838735","0.3428252","0.3517208","0.4851658","0.7042684","0.5327767","0.5508221","0.3303783","0.06144647","0","0.4062346","0.04258772","0.531145","0.6405982","0.684966","0.5328863","0.08818989","0.1573285","0.1993781","0.1351573","0.2487215","0.3111601","0.3750647","0.1707127","0.4742799","0.4766395","0.08728585","0.1037717","0.254782","0.08154764","0.1767852","0.06805213","0.2247523","0.06619509","0.1776195","0.181378","0.4506592","0.3762939","0.436858","0.5151015","0.3984846","0.4262364","0.3841662","0.4265363","0.5454063","0.2314449","0.4917359","0.4759407","0.2524567","0.4085732","0.4873608","0.548514","0.5545908","0.6690257","0.4015846","0.1867433","0","0.4958382","0.5138737","0.3699562","0","0","0.1322646","0.4086227","0.126344","0.1897971","0.40702","0.1363721","0.1682902","0.3307423","0","0.02865955","0.1052493","0.1333055","0","0.4261715","0","0.08530424","0.2590678","0.4847559","0.4432476","0.06709128","0.4165451","0","0.3605095","0.2378391","0.6523633","0.3741536","0.1327544","0.05314784","0.1532814","0.4175607","0.0746625","0.08653628","0.2695804","0.1243468","0.1148557","0.1324627","0.1661109","0.3723412","0.1606213","0.1317557","0.3668993","0.2107398","0.1691984","0.01726917","0.3937879","0.4078607","0.494915","0.1236266","0.3068968","0.4328482","0","0","0.2340457","0.1083886","0.2343917","0.09560749","0.5183471","0","0.4050109","0.2711833","0.3024678","0.2258123","0.6102845","0.09196822","0.002516552","10495"
"0.6111876","0.3519182","0.4748885","0.2925034","0.4184825","0.8801801","0.5207756","0.7296762","0.234462","0.5615142","0.4062346","0","0.5168058","0.4911713","0.5327573","0.7855858","0.8438531","0.1359703","0.5433904","0.1679647","0.1376358","0.03100827","0.7516691","0.8415181","0.8248328","0.7789736","0.9115872","0.6919986","0.7556334","0.857964","0.6904802","0.847184","0.6324984","0","0.7880728","0.884484","0.7012135","0.1961631","0.2141103","0.6183664","0.7044511","0.3922322","0.3769537","0.1943606","0.6253854","0.5152808","0.475464","0.8459874","0.6125382","0.5558895","0.8668837","0.5039142","0.6930962","0.5420653","0.8431258","0.8242016","0.2046122","0.5702664","0.908328","0.4404568","0.3390296","0.4215209","0.3850562","0.8581138","0.9144554","0.2558678","0.2998872","0.9250571","0.2543823","0.3628676","0.07699821","0.6730041","0.4356763","0.2260569","0.2102466","0.7355853","0.1321412","0.8184067","0.4682493","0.3116619","0.4831204","0.8580182","0.3017473","0.4114294","0.3783615","0.468901","0.4591737","0.8894051","0.2111583","0.5678754","0.2091607","0.4729426","0.4372613","0.3221121","0.220226","0.2946616","0.3965069","0.7110298","0.8321635","0.922023","0.8172749","0.6436308","0.8819144","0.9238656","0.5056719","0.7302717","0.4565822","0.7240918","0.4028925","0.4953397","0.6155419","0.763215","0.8629618","0.5824737","0.8042493","0.1297826","0.6617572","0.7124637","0.6678396","0.9464145","0.5673823","0.9241741","0.8083787","0","0.06675746","0.8051832","0.7678222","0.8064134","14576"
"0.6081942","0.4959417","0.4923399","0.4868486","0.5769782","0.6737196","0.559712","0.5717127","0.469196","0.2748779","0.04258772","0.5168058","0","0.6179159","0.6838839","0.6822754","0.5856856","0.2471906","0.3721135","0.3584927","0.2676329","0.3881111","0.39643","0.3901617","0.0661357","0.5194931","0.3431918","0","0.01373901","0.2399963","0.1139109","0.244495","0","0.3197937","0.06050906","0.006128574","0","0.547228","0.4740964","0.4970344","0.5194781","0.4987577","0.4697521","0.4509779","0.4526256","0.5977692","0.3442333","0.5292183","0.5411922","0.3512935","0.430151","0.558116","0.5850973","0.5808109","0.6747075","0.5552804","0.2948794","0.1556654","0.5127358","0.5796129","0.4824694","0.03830032","0.03956065","0.2276686","0.3821335","0.3107975","0.2943325","0.3881025","0.3081034","0.1806094","0.4627405","0.04475476","0.163635","0.2527082","0.2654247","0","0.5160325","0","0.1992354","0.3470341","0.5699723","0.5127825","0.2259923","0.5022628","0.1367879","0.4796986","0.2417027","0.6511676","0.4698308","0.212981","0.2212775","0.3229341","0.4734418","0.2497154","0.2430153","0.4032803","0.2135907","0.1338856","0.1800474","0","0.3730172","0.1620332","0.04939852","0.1751426","0.3181092","0.3267843","0.1994092","0.4391874","0.5176458","0.549572","0.09427788","0.3733037","0.3057164","0","0","0.3020715","0.08108629","0.2277219","0.1290637","0.4406594","0.03269962","0.3598765","0.314025","0.3606581","0.3202418","0.622053","0.2483643","0","21737"
"0.4052916","0.1294773","0.2578444","0.2001734","0.04003916","0.69755","0.4840438","0.3536114","0.3290271","0.5497151","0.531145","0.4911713","0.6179159","0","0.3446941","0.5999401","0.4371505","0.4457476","0.4881085","0.220947","0.5149942","0.4876949","0.6482313","0.7465686","0.7811524","0.6253512","0.8577418","0.7396499","0.7424896","0.6177973","0.6701629","0.6959026","0.6771424","0.3864622","0.6868277","0.7795834","0.7538104","0.2838716","0.3382319","0.4067833","0.391081","0.133557","0.3448379","0.3851934","0.4126815","0.3551419","0.3649819","0.4018627","0.3512743","0.4648002","0.5361664","0.2800131","0.51977","0.3781867","0.641957","0.4879166","0.2764195","0.5472063","0.717867","0.2452295","0.2516903","0.4803701","0.4669422","0.6500007","0.7848162","0.3020979","0.2439976","0.7720195","0.3021384","0.5468199","0.2536481","0.6564205","0.6278356","0.2259197","0.5556647","0.6868705","0.3286963","0.647646","0.5992443","0.1517136","0.1609005","0.6153027","0.5376101","0.2567188","0.2486857","0.3523289","0.3841585","0.6731101","0.1440695","0.4054465","0.2790337","0.3299385","0.2346955","0.4242078","0.1231766","0.5670586","0.5907235","0.6030078","0.6129218","0.8200659","0.6852657","0.6179748","0.7443051","0.8089817","0.5362233","0.3731305","0.5696688","0.6421224","0.4213861","0.4915846","0.7209878","0.5505711","0.8379563","0.6456002","0.7423945","0.5535718","0.7001981","0.7447959","0.65733","0.8480641","0.6165232","0.769058","0.7287363","0.3022667","0.1876773","0.172763","0.5654663","0.7639043","25917"
"0.3222077","0.2153498","0.3597084","0.4259972","0.4581829","0.2842742","0.3088649","0.1468062","0.5614613","0.5733295","0.6405982","0.5327573","0.6838839","0.3446941","0","0.0736149","0.009767947","0.5482393","0.5794775","0.3781915","0.5931151","0.5693942","0.4562519","0.6885874","0.6927009","0.5000906","0.8214917","0.7354948","0.7265322","0.5372182","0.6254121","0.5970032","0.6236941","0.4667418","0.615965","0.7098655","0.7168213","0.3070893","0.3713031","0.2166198","0.1146137","0.2107611","0.190164","0.4177692","0.1782952","0.03030396","0.3388583","0","0.08264192","0.4085709","0.3666267","0.08978589","0.1564019","0.08117353","0.2114551","0.4339907","0.2978751","0.5373575","0.6145726","0.1906646","0.2981938","0.5865287","0.4602622","0.6157019","0.6937162","0.4997443","0.4531093","0.6904885","0.4882982","0.4692345","0.412558","0.6875094","0.6644591","0.3147185","0.6215275","0.7031607","0.4124786","0.6007017","0.6721287","0.2666331","0.1552821","0.479505","0.6401161","0.1371045","0.3333922","0.3332893","0.2217038","0.3468724","0.2627488","0.4137608","0.5229732","0.5729957","0.2165911","0.4956419","0.2905673","0.6626112","0.6540986","0.658644","0.5734894","0.7589546","0.4597947","0.584539","0.6399224","0.7675971","0.5773851","0.3534241","0.6321001","0.4516197","0.3476131","0.3011151","0.7170029","0.3689041","0.803559","0.6687985","0.7052635","0.51741","0.6883314","0.7237255","0.6643499","0.7865831","0.638498","0.6621985","0.6732458","0.2885564","0.4185298","0","0.4239062","0.7331215","19262"
"0.3743324","0.3548676","0.5264818","0.6344561","0.7145308","0.3338288","0.5306715","0.0499239","0.7668587","0.7070993","0.684966","0.7855858","0.6822754","0.5999401","0.0736149","0","0.2006099","0.6640538","0.7191649","0.5410977","0.7243981","0.750279","0.5780222","0.7444829","0.7651234","0.5022174","0.8823458","0.7983979","0.7821895","0.5282643","0.6696771","0.6572717","0.6639923","0.6288439","0.6386405","0.7330963","0.7721016","0.5376536","0.5112436","0.1650159","0.3589037","0.4341922","0.3366636","0.6581286","0.1040067","0.06363716","0.4807453","0","0.2002564","0.4118423","0.3349868","0.151132","0.07886281","0.1090472","0.1095912","0.7080942","0.3788269","0.6467412","0.6740345","0.3749154","0.4799676","0.6206509","0.4867817","0.6881206","0.734586","0.6822228","0.6122588","0.7416811","0.6559186","0.6131939","0.5942941","0.798565","0.7874081","0.3466612","0.7519287","0.7639182","0.6353133","0.6821435","0.7939809","0.2608169","0.2498022","0.5798353","0.7452153","0.2800018","0.4727535","0.5027009","0.1440876","0.262786","0.5269636","0.323151","0.6318263","0.6849753","0.4190938","0.5645951","0.3544263","0.8096288","0.7874927","0.7771443","0.6300529","0.8175311","0.4336751","0.5572464","0.6673234","0.803877","0.5797087","0.5070183","0.7714145","0.5308696","0.3253967","0.2695835","0.7773039","0.3697036","0.8504054","0.7011049","0.7634502","0.684394","0.7216113","0.7625481","0.6860429","0.8452878","0.7076916","0.6922927","0.7359831","0.4982967","0.633416","0.09221108","0.5639964","0.8386258","30013"
"0","0","0.1027318","0.4852771","0.7052966","0.8730381","0.6589383","0","0.7368448","0.5889908","0.5328863","0.8438531","0.5856856","0.4371505","0.009767947","0.2006099","0","0.50996","0.5563973","0.3032355","0.6392433","0.7153198","0.5614538","0.7297383","0.8334617","0.3132181","0.9180221","0.7766838","0.7564322","0.6989424","0.5993958","0.7550729","0.7176047","0.6343449","0.6584503","0.8466795","0.7741546","0.331532","0.3184207","0","0.9112947","0.1725207","0.281706","0.8002078","0.06908764","0","0.3879975","0","0","0.1158518","0.5774909","0","0","0.1167655","0.113379","0.7170056","0.1266281","0.5712817","0.8044378","0.2275552","0.2225117","0.4517525","0.3344371","0.808164","0.8659113","0.659484","0.6417784","0.9079248","0.5685481","0.8740126","0.386507","0.7957403","0.7461409","0","0.6831654","0.7924298","0.5606442","0.8968225","0.7781544","0","0","0.5843066","0.6377471","0","0.6054018","0.2463098","0.08965977","0.3828413","0.5152354","0.01756583","0.5328601","0.5445627","0.4689746","0.2858231","0","0.7702927","0.7890215","0.9515143","0.7434307","0.9794336","0.5123903","0.431306","0.8464094","0.9260945","0.3197834","0.5515688","0.7560493","0.5542067","0","0.1543621","0.7168849","0.2179105","0.8481912","0.6015255","0.8546788","0.8044378","0.6365832","0.6769351","0.5738273","0.9564879","0.6175437","0.893049","0.701136","0.6784743","0.9001326","0.5043474","0.8112861","0.8655136","16787"
"0.5108346","0.2553658","0.2716694","0.1857529","0.3718368","0.6843705","0.3906871","0.5499227","0.1611127","0.1130711","0.08818989","0.1359703","0.2471906","0.4457476","0.5482393","0.6640538","0.50996","0","0.2008591","0","0","0","0.3252036","0.600794","0.4167231","0.5561249","0.7205572","0.336035","0.4370524","0.4875562","0.3033727","0.4080298","0.1376913","0","0.3555727","0.526401","0.3550588","0.2348196","0.1704501","0.4125513","0.3824554","0.2418002","0.2390078","0.1562501","0.3690878","0.4517052","0.09726461","0.4751725","0.3901809","0.27313","0.5279293","0.3984155","0.5166792","0.4534974","0.6778287","0.43337","0","0.04699282","0.6585455","0.3857239","0.2038505","0.006859922","0","0.4305199","0.6321591","0","0.03961628","0.6439514","0","0","0.08858071","0.2148504","0.008725857","0","0","0.2758171","0.2004903","0.1298385","0.1002182","0.1668525","0.4098881","0.5486711","0.0117003","0.2720677","0","0.2384612","0.1006045","0.6975329","0.1469941","0.2358582","0","0.2104238","0.2526855","0.02470247","0","0.1360731","0.05666203","0.1699682","0.4102083","0.5424664","0.4561475","0.3352843","0.4624445","0.6592622","0.294225","0.1910523","0","0.3961974","0.3073813","0.3974045","0.2805383","0.3786249","0.6749226","0.2368298","0.3276821","0","0.3450764","0.4558795","0.3483268","0.7367388","0.1535553","0.6382775","0.512614","0","0","0.5694508","0.1032963","0.394582","20615"
"0.3678276","0.287042","0.1436428","0.4000199","0.5282564","0.822141","0.6706398","0.5248934","0.445673","0","0.1573285","0.5433904","0.3721135","0.4881085","0.5794775","0.7191649","0.5563973","0.2008591","0","0.1476451","0.3097982","0.3475067","0.4152959","0.4891321","0.5362445","0.4128607","0.7163116","0.4649799","0.4564087","0.456294","0.308014","0.1984891","0.5090396","0.3564094","0.3195435","0.5244016","0.5786829","0.4719979","0.4394063","0.4010353","0.6760676","0.3937185","0.5196941","0.566636","0.519448","0.4714309","0.3403608","0.5575896","0.4710919","0.2443736","0.498965","0.4155858","0.5378444","0.5961333","0.6671182","0.3233852","0.2365307","0.1110108","0.542904","0.5511824","0.391316","0","0.1248726","0.119345","0.5217054","0.136068","0.3679799","0.525916","0.207782","0.5078777","0.3543734","0.3118756","0.3121041","0.003945296","0.3163284","0.3412503","0.5254539","0.1407866","0.3437102","0.2464559","0.3780607","0.344204","0.1861296","0.361193","0.1531167","0.4007723","0.4217124","0.6644186","0.424868","0.1021497","0.05732664","0.1372743","0.5324514","0.01124253","0.009026465","0.3821317","0.4232498","0.4816433","0.333854","0.6316312","0.5103003","0.3258287","0.4527914","0.6654405","0.1096005","0.08724387","0.1762752","0.5823986","0.3604983","0.5385804","0.4142673","0.3284977","0.6580815","0.2970247","0.5174498","0.4501779","0.3615292","0.4269842","0.2340875","0.6971972","0.2531571","0.570212","0.3671959","0.4700658","0.4145515","0.6770183","0.0169215","0.4480805","29107"
"0.3296836","0","0.01403979","0","0.2172626","0.6464496","0.3091713","0.328466","0.1199698","0.1280442","0.1993781","0.1679647","0.3584927","0.220947","0.3781915","0.5410977","0.3032355","0","0.1476451","0","0.1028966","0.09604274","0.2861333","0.6025148","0.5527472","0.4448034","0.7823812","0.5102112","0.5392161","0.4137413","0.3620864","0.3999998","0.3306964","0","0.3851066","0.5771714","0.5259442","0.03203049","0.02786115","0.2042553","0.2460342","0","0.05808097","0.1063801","0.1806853","0.2439202","0","0.2441783","0.1433739","0.1354284","0.3843356","0.158373","0.3456153","0.275369","0.5467407","0.231673","0","0.08381288","0.6118403","0.174305","0","0.07596864","0","0.4050456","0.6281866","0","0","0.6364913","0","0.07048675","0","0.3882595","0.2670741","0","0.1670594","0.4235859","0.07901391","0.2628279","0.3106103","0","0.165006","0.4384051","0.1788888","0.006935982","0","0.006931923","0","0.5801909","0","0.06516057","0","0.1387889","0.04356406","0","0","0.296633","0.2879113","0.3659533","0.3781967","0.662872","0.4028535","0.3243556","0.4991507","0.6948634","0.2577124","0","0.1927524","0.3573976","0.1595936","0.2718587","0.4566419","0.2309693","0.7335058","0.3483277","0.4993534","0.1092645","0.4371314","0.5301764","0.3856585","0.7684983","0.2731716","0.6253646","0.529403","0","0","0.3636723","0.03630792","0.5660144","21198"
"0.5815051","0.359398","0.3941704","0.2892474","0.4315516","0.7457326","0.467838","0.6346283","0.1973877","0.2404454","0.1351573","0.1376358","0.2676329","0.5149942","0.5931151","0.7243981","0.6392433","0","0.3097982","0.1028966","0","0","0.4815706","0.6816133","0.5063707","0.6450949","0.7615909","0.354784","0.5065374","0.6098313","0.4121069","0.5371189","0.1737799","0","0.4771922","0.6155825","0.3857705","0.3163794","0.2540207","0.521181","0.4878686","0.3640684","0.339361","0.2142059","0.4877532","0.5248885","0.2571808","0.6157437","0.5112856","0.4003315","0.6511826","0.4907527","0.6087613","0.5303365","0.746482","0.5967728","0.09987126","0.1958904","0.7432195","0.4718148","0.3236406","0.06174791","0","0.5541221","0.7155493","0.02905183","0.1127113","0.7283693","0.07085001","0","0.1625292","0.2784755","0","0.09524342","0","0.3096511","0.2611549","0.2883485","0.05479368","0.2660313","0.4922164","0.6599314","0","0.3850848","0","0.3789539","0.2384763","0.7695388","0.2542607","0.3627088","0","0.2897302","0.3637379","0.1271715","0.07265327","0.06376832","0","0.1240851","0.5431106","0.6100077","0.5825253","0.4336551","0.5833679","0.7212606","0.3678986","0.3855912","0.00364521","0.5304209","0.3964702","0.4802041","0.2996965","0.5252615","0.7189164","0.3012824","0.3853755","0","0.4151022","0.5242576","0.4260545","0.7929047","0.2456329","0.7282435","0.6053085","0.04673405","0","0.661045","0.3058191","0.4766287","28986"
"0.5740849","0.3477747","0.3967127","0.3040345","0.4035779","0.8113837","0.528755","0.6594124","0.185343","0.333204","0.2487215","0.03100827","0.3881111","0.4876949","0.5693942","0.750279","0.7153198","0","0.3475067","0.09604274","0","0","0.6050435","0.7530912","0.666822","0.6881814","0.8330152","0.5070547","0.6289817","0.7200058","0.5403582","0.656701","0.4085505","0","0.6148888","0.7402962","0.5547022","0.2918889","0.2756694","0.5562534","0.5866192","0.3761164","0.381215","0.2638984","0.5572315","0.5148589","0.3623183","0.7067558","0.5494936","0.4649083","0.7417281","0.4912874","0.6400077","0.5507141","0.7767969","0.6897354","0.1488799","0.3508742","0.8114006","0.4833589","0.3468646","0.1543632","0.1580909","0.6695879","0.798803","0.02448385","0.1873688","0.8125171","0.1161854","0.1104777","0.1397142","0.4548732","0.1520493","0.1173522","0","0.4749268","0.2570033","0.5306889","0.1671257","0.2880326","0.4806323","0.7290984","0.0429138","0.3877568","0.1106759","0.4343337","0.3537808","0.8113102","0.2442918","0.4272248","0","0.3311707","0.4200981","0.1786686","0.09927575","0.01537401","0.1207367","0.2980835","0.6720828","0.7660858","0.6880136","0.5283277","0.7243823","0.8153481","0.4031965","0.5080328","0.1073694","0.6452109","0.4157834","0.5146328","0.4363188","0.6197736","0.787723","0.4324153","0.593004","0","0.5287657","0.6136483","0.5182328","0.8635982","0.4005948","0.8164657","0.6913242","0.06929665","0","0.7125301","0.4635959","0.6448007","21033"
"0.3264787","0.2440218","0.2707134","0.5190192","0.7474273","0.8345999","0.659982","0.4565001","0.6953626","0.3043069","0.3111601","0.7516691","0.39643","0.6482313","0.4562519","0.5780222","0.5614538","0.3252036","0.4152959","0.2861333","0.4815706","0.6050435","0","0.5742421","0.525239","0.3316058","0.8489556","0.6036439","0.5497988","0.5625298","0.2148416","0.4179507","0.4868218","0.5520966","0.3102004","0.6577253","0.5709659","0.4390933","0.3285826","0.133888","0.7510479","0.4162038","0.396954","0.7035253","0.2684929","0.2486653","0.2439495","0.5232097","0.2792222","0","0.5552691","0.2307375","0.2356557","0.4300349","0.5546827","0.5959407","0.08437917","0.1710392","0.7176441","0.4810629","0.3347668","0.2933234","0","0.618431","0.709174","0.5588532","0.5873588","0.7652955","0.4767029","0.61971","0.3976277","0.6325584","0.5573195","0","0.5264364","0.6648129","0.5693125","0.5244075","0.6621879","0.1443569","0.3208824","0.5248412","0.485544","0.1902127","0.3351662","0.2862075","0.07765494","0.6376983","0.5590376","0","0.5096559","0.5124997","0.5508986","0.04332469","0.06372393","0.6865586","0.6713609","0.8273378","0.5439996","0.8339918","0","0.121483","0.5231049","0.8384467","0.1000598","0.2793295","0.5917712","0.2281519","0.0103261","0.2162112","0.483135","0","0.7302101","0.325182","0.6807838","0.6178982","0.3320368","0.3649223","0.3342878","0.8690066","0.3222162","0.7217912","0.4689908","0.5768569","0.7415075","0.7449965","0","0.686853","18596"
"0.464964","0.5707055","0.5385685","0.7165759","0.8050742","0.8745999","0.8222751","0.5451277","0.7807375","0.4688111","0.3750647","0.8415181","0.3901617","0.7465686","0.6885874","0.7444829","0.7297383","0.600794","0.4891321","0.6025148","0.6816133","0.7530912","0.5742421","0","0.5068204","0.2321238","0.5937469","0.5762269","0.3205672","0.03172217","0.2227251","0.08790665","0.6287855","0.7317985","0.009813451","0.09144917","0.6312191","0.7398441","0.6811129","0.4730305","0.8276119","0.6927171","0.7245421","0.8102659","0.6178554","0.599839","0.6284241","0.6920348","0.6623452","0.3155001","0.3583217","0.5799268","0.6027137","0.7134685","0.6689608","0.6960252","0.5582546","0.4357854","0.1089862","0.7331735","0.6730886","0.337559","0.416004","0","0","0.6690752","0.6924408","0","0.644042","0.7599991","0.6884178","0.5638995","0.6698505","0.3806953","0.6934156","0.5343159","0.7763382","0.2425869","0.6977248","0.4347832","0.5540701","0.3436936","0.6141054","0.6197408","0.5931587","0.662883","0.5691352","0.5951671","0.7523821","0","0.5987384","0.5140205","0.7516017","0.3860333","0.4399919","0.7631596","0.7334176","0.7683799","0.04539598","0.5801592","0.4254252","0.09598715","0","0.4274769","0.1349982","0.4734345","0.6556733","0.6683581","0.4981044","0.6437414","0.5618186","0.3124325","0.4064169","0.316368","0.5610764","0.7687658","0.2894867","0.2779211","0.09955611","0.3811524","0.3929106","0","0","0.7625728","0.7736042","0.79592","0.4808719","0.5152725","28133"
"0.6085716","0.5856897","0.6078151","0.7109989","0.825445","0.8853044","0.7964815","0.6725071","0.7697133","0.4227373","0.1707127","0.8248328","0.0661357","0.7811524","0.6927009","0.7651234","0.8334617","0.4167231","0.5362445","0.5527472","0.5063707","0.666822","0.525239","0.5068204","0","0.557767","0.666213","0.1750434","0.1220169","0.5775594","0","0.3278035","0.1641636","0.6231676","0","0.125478","0.1237338","0.6932387","0.6006791","0.5565321","0.8435128","0.7004847","0.6623877","0.7962026","0.613091","0.6029107","0.6048515","0.8067468","0.6866331","0.369145","0.715857","0.6068223","0.6420734","0.6846509","0.7586498","0.8439226","0.437536","0.3092091","0.7462513","0.7214822","0.6527996","0.1604838","0.09606193","0.5388144","0.5734306","0.6532721","0.6713036","0.6745753","0.6111298","0.6409166","0.624906","0.4755008","0.4620936","0.2899847","0.5158613","0.3593408","0.7316767","0.1517877","0.5825223","0.4275713","0.6223816","0.7047136","0.4361032","0.5991276","0.5625175","0.6604139","0.4108617","0.7778497","0.7484255","0.2087433","0.5288081","0.5756348","0.7429778","0.2502771","0.3879946","0.683885","0.6172918","0.7482199","0.5298322","0.4016698","0.4246043","0.05351708","0.1084797","0.6607694","0.1567709","0.6508133","0.5421043","0.6290946","0.457951","0.5810339","0.06338653","0.5013598","0.3920815","0","0.1934261","0.6508311","0","0","0.04779014","0.7526351","0.148752","0.6373952","0.3391367","0.7085056","0.7807249","0.8473981","0.4859737","0.3584752","18294"
"0.05674523","0.3532781","0.2946521","0.6326688","0.7230764","0.7625212","0.7172763","0.1417441","0.7378407","0.403703","0.4742799","0.7789736","0.5194931","0.6253512","0.5000906","0.5022174","0.3132181","0.5561249","0.4128607","0.4448034","0.6450949","0.6881814","0.3316058","0.2321238","0.557767","0","0.7408353","0.6502834","0.5536233","0.08911697","0.3281692","0","0.5834447","0.5989279","0.1897737","0.3789934","0.6741335","0.6211426","0.5875658","0.103568","0.6577253","0.4972549","0.5395753","0.7141059","0.3722616","0.3042671","0.4541321","0.2399032","0.3522432","0.1045682","0","0.2855357","0.2170706","0.5347392","0.1576203","0.4551046","0.3580257","0.3841995","0","0.5987956","0.5247993","0.3345327","0.2875869","0.08272791","0.1171094","0.568529","0.5907332","0.1484901","0.5633295","0.6259914","0.5982068","0.6425098","0.67593","0.1508615","0.6642839","0.5742233","0.696524","0.3364595","0.6946496","0.2653618","0.3004486","0","0.6076069","0.3494805","0.3857698","0.5088642","0.3191295","0","0.5819467","0","0.4862687","0.5029078","0.5885418","0.29307","0.2021693","0.7365447","0.7189381","0.701729","0.209812","0.6490136","0.09633696","0.1883547","0.1886609","0.5954009","0.08790876","0.16015","0.632496","0.5460247","0.3224474","0.5075816","0.6147893","0","0.6493855","0.4603358","0.6140979","0.651456","0.4429458","0.4563274","0.2934514","0.5803259","0.4886175","0.05969379","0.2219547","0.5808957","0.6313097","0.5557004","0.1168355","0.6671957","21647"
